0.002577892201655486 2.445531386634049 1.0007216325148927 0.0002079591593441265 1 1
0.007581104378287103 2.445533146401111 1.0005867680016418 0.00020801193501316628 1 1
0.012552982057665215 2.429952387630316 1.0008017531315432 0.00020737820797468026 1 1
0.017623954688858627 2.414381700190826 1.0006024514905025 0.0002083816751847487 1 1
0.022607470513508997 2.4455311135659983 1.0008237142014889 0.0002069152464223598 1 1
0.027663386133975204 2.414376537683835 1.0013528324669734 0.00020820184574587598 1 1
0.03259280707288483 2.4299585789085123 1.0009696331426998 0.00020827491991968743 1 1
0.037646940093596704 2.4143755403928235 1.0013139548068675 0.00020661210941342296 1 1
0.04272629041327622 2.429957852025863 1.0016396872478843 0.0002085045291488161 1 1
0.04762217158357602 2.4143781617685844 1.0011232840486959 0.0002076990415537118 1 1
0.052733460075882664 2.4299524755708557 1.001177693230709 0.00020782067106493726 1 1
0.057641401944699446 2.4455356763427836 1.0016414702618612 0.00020843495707307326 1 1
0.06262394440821036 2.4143764499090477 1.001683477435592 0.00020689105979039625 1 1
0.06771598679569626 2.414380487332525 1.0015564938356059 0.00020794479892790024 1 1
0.07266743115906961 2.4143775034768025 1.0022257064855298 0.00020797614900916055 1 1
0.07770167433907896 2.445530117613756 1.0020053818070493 0.00020837530633870322 1 1
0.08267780562295199 2.4143827715042816 1.0019612244191152 0.00020803273017880704 1 1
0.08764101554331492 2.414375388214327 1.00150168389552 0.00020710369798979054 1 1
0.09266664350932519 2.414380524522249 1.0017415854944762 0.00020846681935391981 1 1
0.09763160473248567 2.4455321167067927 1.0021529681616375 0.0002074580162969159 1 1
0.1026960433114448 2.445529135084902 1.0016079024860154 0.00020828515952768295 1 1
0.10760665127072158 2.4766894020302086 1.0022016089759302 0.00020852115703371617 1 1
0.11259505229368436 2.414376255417805 1.0021049120444534 0.00020661359109577258 1 1
0.11772980947704904 2.445532838887175 1.002016694829671 0.00020827755328805725 1 1
0.12263381511880674 2.4299562215048236 1.0018578573735883 0.00020819017482654652 1 1
0.12773139899619096 2.4299531240909 1.0021984073031471 0.00020789109058269082 1 1
0.13280549869657543 2.414381255729759 1.0019705000855885 0.00020834386107109192 1 1
0.13773532461372584 2.41437621821278 1.0024472328214993 0.0002072134443811981 1 1
0.14287121303614236 2.4611080036619453 1.0023406630514513 0.00020814742769661765 1 1
0.147840500896767 2.4766880114624517 1.002166674881186 0.00020806610663120918 1 1
0.15280090619632852 2.4143758650863516 1.0022816169289628 0.00020746682225328793 1 1
0.1578106011045785 2.414381710480221 1.0019531223104041 0.0002085982724072779 1 1
0.16282589261230251 2.4299537801054996 1.001962188372505 0.0002069437049380537 1 1
0.1678802390564692 2.4455302580314857 1.0017694558491115 0.00020820788220779965 1 1
0.17278272415742751 2.414381888720084 1.0020425426014894 0.00020839139861953762 1 1
0.1778733335014859 2.429952387247811 1.0016597127832638 0.0002066949588435943 1 1
0.1829527928749652 2.4299568539621905 1.0016743576169407 0.0002082990009198149 1 1
0.18785698320327524 2.523414096420991 1.0015935769815736 0.00020789149603477622 1 1
0.19297788313778433 2.4143755606681587 1.0014382627022178 0.00020755887392046837 1 1
0.19795518388081354 2.414381496761708 1.001584702323003 0.0002085194565827191 1 1
0.20295730005299986 2.429953577423542 1.0011058720669366 0.0002068982883247425 1 1
0.20806481451522693 2.5078394130318076 1.0013982844569995 0.00020795507510519383 1 1
0.2129662383804878 2.4143788465603397 1.0011073060373696 0.0002080230944979579 1 1
0.21800711592375704 2.414376930394472 1.0006443400815868 0.00020803954098505312 1 1
0.22308484010737395 2.4455356965951687 1.0010353449745513 0.00020778454053657313 1 1
0.22806679619546152 2.429953326510204 1.0006356294214633 0.00020710213871287346 1 1
0.23312385395018725 2.4143789050046136 1.0009106176315206 0.0002083434747808271 1 1
0.23812320363912368 2.414379943680159 1.0006233249046437 0.00020762986056704455 1 1
0.2432179404368735 2.414375551717533 1.0005463269313297 0.00020726610630406747 1 1
0.24821646125047048 2.4455360470746603 1.000374877089855 0.00020895785911284918 1 1
0.253158200328425 2.429953873584718 0.9999205419423829 0.00020688561397604383 1 1
0.25827843731439315 2.46110715714181 1.0004364053407961 0.00020798104965053874 1 1
0.26315945510105526 2.429958306947178 1.0001548891221625 0.00020866111931834046 1 1
0.2682517795318213 2.4143763502867928 0.9997001015696017 0.00020648396164451712 1 1
0.2734143101707156 2.414379160395815 0.9995861832905664 0.0002076938102081786 1 1
0.2783312141818559 2.4299552962829276 0.9994648008489994 0.00020821268579620858 1 1
0.28342034918473247 2.554566168068394 0.9996270041772151 0.00020775932650136028 1 1
0.28846997854181466 2.461113762461694 0.9995706529684103 0.00020819641009058883 1 1
0.29337441031808115 2.414375344833116 0.9992159919762925 0.00020673546730212169 1 1
0.29849312475791306 3.3489570994646156 0.9992275817954194 0.0002083021154163143 1 1
0.30350003573998835 3971.6974126461982 0.9990582397977019 0.00020763136401128726 1 1
0.3085622772417513 2.429952288467068 0.9992486458696307 0.00020743110412755047 1 1
0.31355199996274097 2.4143825893399127 0.9994605865383068 0.0002084903605845446 1 1
0.31854223272459137 2.4143774299031655 0.9991267113695885 0.00020690174827159153 1 1
0.32363964413525187 2.4143758898599508 0.9987807936789678 0.00020794221958410326 1 1
0.32850553775176955 2.3988050992868066 0.999014279386958 0.00020900178208819648 1 1
0.3335477120969042 2.5234128595362506 0.9990722536823828 0.00020724082925675273 1 1
0.3385634537181969 2.3988052609157355 0.9990167913302492 0.00020946719705591238 1 1
0.34338929102161997 2.41437751958538 0.9981838727100031 0.00020788613766401144 1 1
0.34851862977295106 2.3988000769884428 0.998364238242178 0.00020840231227714243 1 1
0.35347308879499945 2.4143816529361093 0.99852443287253 0.0002089441599422543 1 1
0.3583967381341346 2.414376534141835 0.9985751592455772 0.00020794801133645086 1 1
0.36346371877257533 2.398804994026422 0.9984348845807285 0.00020872072420762586 1 1
0.3684428275851014 2.46110721888073 0.9984097574672132 0.0002080352646427845 1 1
0.37347137718134144 2.414376674013858 0.9985288094009794 0.00020877647700854395 1 1
0.37839581776245557 2.5078431903388676 0.998197770359211 0.00020830062667312642 1 1
0.3834615904865757 2.4299530724246217 0.9984975996273103 0.0002078678182069986 1 1
0.38846539809224007 2.4299590953672943 0.9982779697876882 0.00020929112161939504 1 1
0.39338450441665057 2.4143777911897093 0.9981232441697634 0.00020760371882104956 1 1
0.398543379382522 2.4299527101614142 0.9983691067356162 0.00020842045915265067 1 1
0.4034845251788993 2.4143822279666676 0.998364769157243 0.0002089933135162288 1 1
0.4084538131564613 2.398800328738192 0.9985597823367353 0.00020711647743164795 1 1
0.4136155120286225 2.445533151781687 0.9982704652883507 0.0002085835452536752 1 1
0.4184850199977595 2.414378972404614 0.998212317327082 0.00020849087348867031 1 1
0.42353483107783413 2.4455299921239364 0.9987032737821369 0.00020853725068317662 1 1
0.42859287635294785 2.414382614475617 0.9983374785429753 0.0002083421328146714 1 1
0.43355883367335696 2.3987989533992495 0.9985339533994123 0.000207498315483802 1 1
0.43859540284124865 2.3988025546135767 0.9983075200663406 0.00020888497374748691 1 1
0.44358996060091027 2.429956627814802 0.9987562733783056 0.0002079700587018411 1 1
0.4486350635628668 2.429953119488085 0.9986088108684121 0.00020844773522981128 1 1
0.453545883049315 2.4299594365187547 0.9987423054731657 0.00020930598332741634 1 1
0.4585878366433717 2.398799757040531 0.9990215310642077 0.00020702748632933833 1 1
0.46367839205829187 2.4455319038884418 0.9984706175294438 0.0002085178155818651 1 1
0.46848958435646276 2.4143801898198296 0.9985770561578902 0.0002087237750683008 1 1
0.47361648053683475 2.414376068336967 0.9988732381236511 0.00020772719944437898 1 1
0.47864379953976377 2.476688545103376 0.99906460916337 0.0002090323257285783 1 1
0.48353059216276323 2.5389905150688405 0.9992297945779817 0.00020787266426591528 1 1
0.4886925930421968 2.3988001399003798 0.9992811721420288 0.00020816825176907372 1 1
0.493672546639064 2.3988044452051334 0.9997223880671716 0.0002089690747791205 1 1
0.498633363725004 2.4299529574435006 0.9996301175577975 0.00020786368309520594 1 1
0.5036983103123267 2.414382337026605 0.99931728757419 0.00020877631830177728 1 1
0.508624897246934 2.429954152091995 0.9995749913945042 0.00020806136077279732 1 1
0.5136156718332991 2.4299538967262944 0.9998709350841342 0.00020883201669700545 1 1
0.5185704098534267 2.4143814075308496 0.9997948281430166 0.00020837642172819216 1 1
0.5236569578891638 2.4455298720376426 0.9999305432964322 0.00020780474671384854 1 1
0.5286647748441039 2.5234195350356745 1.0000454162663939 0.00020902359896664513 1 1
0.5335980428942917 2.4143784339619723 1.0003701350641436 0.00020792496092266477 1 1
0.5387290859701501 2.41437561748296 1.0002498861394673 0.00020864327606709827 1 1
0.5436728947170323 2.414382029436168 1.0002127309304156 0.000209257433287422 1 1
0.5486923946872494 2.3988002501001833 1.000168274140032 0.0002069903909262043 1 1
0.553758755249125 2.4299566037603126 1.0003309099147861 0.0002088621242026615 1 1
0.5586212897964866 2.3988013100914793 0.9999657993448405 0.00020875324493711643 1 1
0.5636821005653091 2.3987997277661184 1.0004463812170572 0.00020848480010947744 1 1
0.5686440040350964 2.4143831316917597 1.0000884114497617 0.00020893099190603902 1 1
0.5735558530125391 2.41437539972264 1.0001777781666215 0.00020756630365885412 1 1
0.578563694133493 2.4299590488597387 1.0009963694795827 0.000209267910954454 1 1
0.5834966377296119 2.398801335308785 1.0009028063922034 0.0002078816535546197 1 1
0.5885369995116145 2.4299517858422313 1.0007027928009935 0.00020915152237849772 1 1
0.593429528786007 2.3988062069612246 1.0009706196330814 0.0002091027035979955 1 1
0.5984728016087917 2.476683331552316 1.0006860769342296 0.00020739265351526348 1 1
0.6034785999069778 30.81039274467019 1.0009180800612985 0.00020916858158234682 1 1
0.6083332830054954 2.398801555700742 1.000848189585924 0.00020846868546007023 1 1
0.6134359033879877 2.4143758425873845 1.000679981265164 0.0002084146748535053 1 1
0.6183904490117984 2.461112857979241 1.000840819941247 0.00020879856374626064 1 1
0.6233167546317396 2.3987997449584606 1.000946731754406 0.00020782301994029387 1 1
0.6283493419071731 2.4455352740618608 1.0009827595839826 0.00020884032992691723 1 1
0.6333063958012252 2.507837295234597 1.0011822689759606 0.00020797862761416747 1 1
0.6383089290216327 2.429953635498061 1.0006825891660978 0.0002090954043145209 1 1
0.6432559277816328 2.429959237049842 1.0007420933006417 0.00020855516503085614 1 1
0.6482962169230215 2.39879914277257 1.000855329525616 0.00020743864478017495 1 1
0.6532509783206408 2.414381982461956 1.001294856546045 0.00020934432724182785 1 1
0.6581909227088126 2.398800875705604 1.0009136140330368 0.00020782223098945925 1 1
0.66333804104293 2.492259440852754 1.000852289452216 0.00020844770392616376 1 1
0.6681991521260369 2.398805464446855 1.0010708353984814 0.00020916549687928116 1 1
0.6731957670158366 2.507838185082394 1.0008192179183701 0.0002071666829522162 1 1
0.678281952828286 2.461111363405718 1.0004877972113484 0.00020865471220085844 1 1
0.6831460283590234 2.414378020458342 1.000783638163461 0.0002085713073817098 1 1
0.6881593935754389 2.4143762927299313 1.0004213849492392 0.00020851072323195872 1 1
0.6931504121843877 2.3988059344108317 1.0005320710155639 0.00020851125720746313 1 1
0.6981550249963666 2.4143757549936495 1.0002419455169806 0.00020762377748446671 1 1
0.7031808625627264 2.3988050676740107 1.0003294741803201 0.00020901313510203774 1 1
0.7081194707982131 2.3988012824541896 1.000333431697227 0.0002077988056255716 1 1
0.713189773345434 2.398798520367444 1.000298180116107 0.00020865985322393382 1 1
0.7180576191741727 2.398806123592899 1.0000720813735915 0.0002089059588263376 1 1
0.7230732333533813 2.3987998745028376 1.0004104740684086 0.00020735810707192548 1 1
0.7281036771414885 2.429958536567715 1.0002157352513965 0.00020885331112139688 1 1
0.73289949004725 2.429954904577005 1.0002043409195562 0.00020834526480665192 1 1
0.7379796634780748 2.429953814071979 0.9998228685523161 0.000208208259785188 1 1
0.7428845167862671 2.4299580816999518 0.9999316112300977 0.00020877454954063455 1 1
0.7478205322647685 2.429952738135308 0.9997992761522653 0.00020786636397457226 1 1
0.7529016507693037 2.4143818045663474 0.9999220190147042 0.00020870891711047667 1 1
0.7578326501855993 2.39880033213229 0.9990856977860016 0.00020775900721794406 1 1
0.762878150354772 31.652347843127504 0.9995748438055282 0.00020908909442989384 1 1
0.7678790707553265 2.4611122525752043 0.9994011571387282 0.0002085584559129851 1 1
0.7728760339166981 23.178130631002865 0.9997007898671353 0.00020729662187726612 1 1
0.7778047280997458 2.398805297348099 0.9996286677600756 0.00020945577140464984 1 1
0.7827310181431695 2.4143774249509953 0.9992257909466977 0.00020739234857025847 1 1
0.7879078920723795 2.398798916732283 0.9988937472166901 0.00020823871406307353 1 1
0.7927866764971939 2.4299586835084375 0.9990777073203264 0.00020879843548565812 1 1
0.7977631746553706 2.4299534646354517 0.9991831445918221 0.00020741111417917478 1 1
0.802845432556716 2.4143820811763974 0.9987421393162221 0.00020850184582193418 1 1
0.8077100034850223 2.3988003896126506 0.9986548833313926 0.00020792096770036556 1 1
0.8128009401459783 2.414376203565374 0.9988999912560775 0.00020852645939493656 1 1
0.8177699083080373 12.866382013431283 0.9986285676899075 0.00020818250583014197 1 1
0.8227093950660364 2.4143756607213698 0.998582671624848 0.0002075448280744722 1 1
0.8277183342863127 2.3988047015908487 0.9988104158562913 0.0002088417504645592 1 1
0.8326479994451382 2.4143783813496302 0.998569707913368 0.00020778971660244137 1 1
0.8376843149003785 2.42995334820591 0.9985504637159475 0.00020831594045140966 1 1
0.842559368713722 2.414381277491766 0.9985581927779975 0.0002088519895198632 1 1
0.8475825268899758 2.398799514187857 0.998672195842753 0.0002073127590510714 1 1
0.8526507294762009 2.429958735172166 0.9987201723350515 0.00020869229657358097 1 1
0.857504889260331 2.4299543189561477 0.9987204516100007 0.0002080201546593681 1 1
0.8626158076591467 2.398800218591939 0.9986087361399529 0.00020835847897282233 1 1
0.8675592857713912 2.4455346416223436 0.9984884518881535 0.0002085819781029988 1 1
0.8724998408557815 2.5545641746032866 0.9986815706494503 0.00020750058462474182 1 1
0.8775767041546468 2.414381747009486 0.9987083527636644 0.00020902906668600736 1 1
0.8825018318063772 2.414377555201732 0.9987583213259249 0.00020758371882771746 1 1
0.8875484246261768 2.4143760626044863 0.9987483527575354 0.00020868225121241894 1 1
0.8925688995699006 2.3988057103621223 0.9980477260106843 0.00020879335651278206 1 1
0.8975769401445258 2.3987993881268297 0.9983046372310318 0.0002070588821007437 1 1
0.9026122591922694 2.398802778190529 0.9985906418508839 0.0002087713962097128 1 1
0.9075752104913626 2.4143794530073412 0.9989968660969913 0.00020825754253475532 1 1
0.912644633325334 2.4143761043179746 0.9989856922597076 0.00020812998472909033 1 1
0.9175288018473048 2.429959383041951 0.9987439817626707 0.00020910119857173423 1 1
0.9225252118339925 2.4143772490801156 0.9991579557406183 0.000207040159634968 1 1
0.9276372135501599 2.414379437781076 0.999178711316378 0.00020856028613299175 1 1
0.9324983958470296 2.3988017330684928 0.9989506421781541 0.00020853375573092454 1 1
0.9375832756449911 2.429953364788794 0.999393821090682 0.00020828664646211584 1 1
0.9426204030096758 2.429959331472573 0.9991403350163569 0.00020859645313393385 1 1
0.9475230361695919 2.4143756751443735 0.9992607576800553 0.00020749880877741358 1 1
0.9525737189821563 2.4143807603827243 0.9992981586863988 0.00020890363927925687 1 1
0.9575270853964207 2.414378987039271 0.9996663498164738 0.0002080753688325008 1 1
0.962560467108336 2.4143755251512586 0.9995650910947407 0.00020838122392227075 1 1
0.9675364358500489 2.398805768423891 0.999617239874359 0.0002088778127173822 1 1
0.972552550309155 2.414376964927059 1.0003558079912434 0.00020736308085936116 1 1
0.9776618900681693 2.975145858652394 0.999622135424555 0.00020843082846717272 1 1
0.9825230241161788 2.398802789252585 1.0001230031627653 0.0002087994343283429 1 1
0.9875867801039686 2.429953427450828 1.0001509774157296 0.00020811895169971215 1 1
0.9926303807799634 2.398804580869596 1.0001446968566292 0.00020891640492467982 1 1
0.9974954975855317 2.3987999623158753 1.0003829598999792 0.00020774766359177264 1 1
