0.00000000 1 1 1 1 1
0.00502513 1 1 1 1 1
0.01005025 1 1 1 1 1
0.01507538 1 1 1 1 1
0.02010050 1 1 1 1 1
0.02512563 1 1 1 1 1
0.03015075 1 1 1 1 1
0.03517588 1 1 1 1 1
0.04020101 1 1 1 1 1
0.04522613 1 1 1 1 1
0.05025126 1 1 1 1 1
0.05527638 1 1 1 1 1
0.06030151 1 1 1 1 1
0.06532663 1 1 1 1 1
0.07035176 1 1 1 1 1
0.07537688 1 1 1 1 1
0.08040201 1 1 1 1 1
0.08542714 1 1 1 1 1
0.09045226 1 1 1 1 1
0.09547739 1 1 1 1 1
0.10050251 1 1 1 1 1
0.10552764 1 1 1 1 1
0.11055276 1 1 1 1 1
0.11557789 1 1 1 1 1
0.12060302 1 1 1 1 1
0.12562814 1 1 1 1 1
0.13065327 1 1 1 1 1
0.13567839 1 1 1 1 1
0.14070352 1 1 1 1 1
0.14572864 1 1 1 1 1
0.15075377 1 1 1 1 1
0.15577889 1 1 1 1 1
0.16080402 1 1 1 1 1
0.16582915 1 1 1 1 1
0.17085427 1 1 1 1 1
0.17587940 1 1 1 1 1
0.18090452 1 1 1 1 1
0.18592965 1 1 1 1 1
0.19095477 1 1 1 1 1
0.19597990 1 1 1 1 1
0.20100503 1 1 1 1 1
0.20603015 1 1 1 1 1
0.21105528 1 1 1 1 1
0.21608040 1 1 1 1 1
0.22110553 1 1 1 1 1
0.22613065 1 1 1 1 1
0.23115578 1 1 1 1 1
0.23618090 1 1 1 1 1
0.24120603 1 1 1 1 1
0.24623116 1 1 1 1 1
0.25125628 1 1 1 1 1
0.25628141 1 1 1 1 1
0.26130653 1 1 1 1 1
0.26633166 1 1 1 1 1
0.27135678 1 1 1 1 1
0.27638191 1 1 1 1 1
0.28140704 1 1 1 1 1
0.28643216 1 1 1 1 1
0.29145729 1 1 1 1 1
0.29648241 1 1 1 1 1
0.30150754 1 1 1 1 1
0.30653266 1 1 1 1 1
0.31155779 1 1 1 1 1
0.31658291 1 1 1 1 1
0.32160804 1 1 1 1 1
0.32663317 1 1 1 1 1
0.33165829 1 1 1 1 1
0.33668342 1 1 1 1 1
0.34170854 1 1 1 1 1
0.34673367 1 1 1 1 1
0.35175879 1 1 1 1 1
0.35678392 1 1 1 1 1
0.36180905 1 1 1 1 1
0.36683417 1 1 1 1 1
0.37185930 1 1 1 1 1
0.37688442 1 1 1 1 1
0.38190955 1 1 1 1 1
0.38693467 1 1 1 1 1
0.39195980 1 1 1 1 1
0.39698492 1 1 1 1 1
0.40201005 1 1 1 1 1
0.40703518 1 1 1 1 1
0.41206030 1 1 1 1 1
0.41708543 1 1 1 1 1
0.42211055 1 1 1 1 1
0.42713568 1 1 1 1 1
0.43216080 1 1 1 1 1
0.43718593 1 1 1 1 1
0.44221106 1 1 1 1 1
0.44723618 1 1 1 1 1
0.45226131 1 1 1 1 1
0.45728643 1 1 1 1 1
0.46231156 1 1 1 1 1
0.46733668 1 1 1 1 1
0.47236181 1 1 1 1 1
0.47738693 1 1 1 1 1
0.48241206 1 1 1 1 1
0.48743719 1 1 1 1 1
0.49246231 1 1 1 1 1
0.49748744 1 1 1 1 1
0.50251256 1 1 1 1 1
0.50753769 1 1 1 1 1
0.51256281 1 1 1 1 1
0.51758794 1 1 1 1 1
0.52261307 1 1 1 1 1
0.52763819 1 1 1 1 1
0.53266332 1 1 1 1 1
0.53768844 1 1 1 1 1
0.54271357 1 1 1 1 1
0.54773869 1 1 1 1 1
0.55276382 1 1 1 1 1
0.55778894 1 1 1 1 1
0.56281407 1 1 1 1 1
0.56783920 1 1 1 1 1
0.57286432 1 1 1 1 1
0.57788945 1 1 1 1 1
0.58291457 1 1 1 1 1
0.58793970 1 1 1 1 1
0.59296482 1 1 1 1 1
0.59798995 1 1 1 1 1
0.60301508 1 1 1 1 1
0.60804020 1 1 1 1 1
0.61306533 1 1 1 1 1
0.61809045 1 1 1 1 1
0.62311558 1 1 1 1 1
0.62814070 1 1 1 1 1
0.63316583 1 1 1 1 1
0.63819095 1 1 1 1 1
0.64321608 1 1 1 1 1
0.64824121 1 1 1 1 1
0.65326633 1 1 1 1 1
0.65829146 1 1 1 1 1
0.66331658 1 1 1 1 1
0.66834171 1 1 1 1 1
0.67336683 1 1 1 1 1
0.67839196 1 1 1 1 1
0.68341709 1 1 1 1 1
0.68844221 1 1 1 1 1
0.69346734 1 1 1 1 1
0.69849246 1 1 1 1 1
0.70351759 1 1 1 1 1
0.70854271 1 1 1 1 1
0.71356784 1 1 1 1 1
0.71859296 1 1 1 1 1
0.72361809 1 1 1 1 1
0.72864322 1 1 1 1 1
0.73366834 1 1 1 1 1
0.73869347 1 1 1 1 1
0.74371859 1 1 1 1 1
0.74874372 1 1 1 1 1
0.75376884 1 1 1 1 1
0.75879397 1 1 1 1 1
0.76381910 1 1 1 1 1
0.76884422 1 1 1 1 1
0.77386935 1 1 1 1 1
0.77889447 1 1 1 1 1
0.78391960 1 1 1 1 1
0.78894472 1 1 1 1 1
0.79396985 1 1 1 1 1
0.79899497 1 1 1 1 1
0.80402010 1 1 1 1 1
0.80904523 1 1 1 1 1
0.81407035 1 1 1 1 1
0.81909548 1 1 1 1 1
0.82412060 1 1 1 1 1
0.82914573 1 1 1 1 1
0.83417085 1 1 1 1 1
0.83919598 1 1 1 1 1
0.84422111 1 1 1 1 1
0.84924623 1 1 1 1 1
0.85427136 1 1 1 1 1
0.85929648 1 1 1 1 1
0.86432161 1 1 1 1 1
0.86934673 1 1 1 1 1
0.87437186 1 1 1 1 1
0.87939698 1 1 1 1 1
0.88442211 1 1 1 1 1
0.88944724 1 1 1 1 1
0.89447236 1 1 1 1 1
0.89949749 1 1 1 1 1
0.90452261 1 1 1 1 1
0.90954774 1 1 1 1 1
0.91457286 1 1 1 1 1
0.91959799 1 1 1 1 1
0.92462312 1 1 1 1 1
0.92964824 1 1 1 1 1
0.93467337 1 1 1 1 1
0.93969849 1 1 1 1 1
0.94472362 1 1 1 1 1
0.94974874 1 1 1 1 1
0.95477387 1 1 1 1 1
0.95979899 1 1 1 1 1
0.96482412 1 1 1 1 1
0.96984925 1 1 1 1 1
0.97487437 1 1 1 1 1
0.97989950 1 1 1 1 1
0.98492462 1 1 1 1 1
0.98994975 1 1 1 1 1
0.99497487 1 1 1 1 1
1.00000000 1 1 1 1 1
