58217.1642593,1.0146854649873158,0.010271450218103974,zr
58223.1660764,0.9034232004328399,0.009158123875171823,zr
58223.1840741,0.9189392450675551,0.009313130982201902,zr
58229.191169,1.1263281003495051,0.011392521989857282,zr
58243.1585995,1.0443331869883323,0.010568794504659203,zr
58262.1623032,1.104953289863691,0.011177598843543883,zr
58263.1702431,1.0791874327858848,0.01091869987201148,zr
58397.5021759,0.8923848718583699,0.009047901739011053,zr
58397.5153009,0.9418730256711698,0.009542394705220607,zr
58423.5062384,0.9100871854677047,0.00922468698806775,zr
58423.5167245,0.9229247217773003,0.009352958743426001,zr
58424.540162,0.9117298195310496,0.009241098236558578,zr
58425.4627546,1.0259129674698884,0.01038402141553826,zr
58426.4298727,1.17244986051261,0.01185671575495548,zr
58426.4307986,1.184415492092041,0.011977240899093543,zr
58427.4660301,1.1815589638717798,0.01194846412374819,zr
58428.4964699,1.1691538908709729,0.011823522744824368,zr
58429.3749537,0.9180307730404775,0.009304052285454835,zr
58429.5201505,1.2022225764769503,0.012156675267997803,zr
58429.5211343,1.1910684457656753,0.012044269735691185,zr
58430.4639699,0.9130794305638503,0.009254580227659428,zr
58431.5210995,0.9754747658731651,0.009878625096565868,zr
58434.4613657,1.0541390924126663,0.010667199741613828,zr
58435.5040972,1.0025386377910557,0.010149707229114954,zr
58435.5050463,0.9952536048765848,0.010076714158349953,zr
58438.5051968,1.0986791410451626,0.011114538278649824,zr
58441.4341667,0.9841551270180129,0.009965545924565623,zr
58447.4350463,0.8764067611144464,0.00888843214001053,zr
58450.3908912,1.1504958045860803,0.011635684271997966,zr
58455.4945255,1.0936271398487767,0.011063767685027273,zr
58461.5117824,0.9989513986909685,0.010113761890364115,zr
58464.2975231,1.1310789481777246,0.011440308810847616,zr
58471.2786921,1.0508691415571032,0.010634380400164572,zr
58474.3310995,1.1583584185129967,0.011714829224355752,zr
58480.4346759,0.9611756483554305,0.009735497504770927,zr
58481.4494213,0.9340667640687046,0.009464336685613119,zr
58486.4493519,1.1178971251663248,0.011307732965730732,zr
58490.2161806,0.9530973001189441,0.00965466650231647,zr
58493.2761227,0.9172175571690661,0.009295926922417808,zr
58502.4153125,1.093511914480733,0.011062611364847104,zr
58502.4357523,1.0356277507517724,0.010481456521075511,zr
58505.133588,0.9182888673860978,0.009306631819160957,zr
58505.2596296,1.0722643802112293,0.010849169004295452,zr
58505.2724769,1.0319691612857926,0.01044476031038341,zr
58505.2850463,0.9745969306558054,0.009869837237947647,zr
58505.297662,0.9364656228857139,0.009488321591633172,zr
58505.3103935,0.9206511909636637,0.009330239294882768,zr
58505.3233912,0.8987960586412846,0.0091119141075044,zr
58505.3372222,0.8868065237140375,0.008992216830343389,zr
58505.3512153,0.8811934073242637,0.008936196260781572,zr
58505.365,0.8962496504672617,0.009086488639007934,zr
58505.3779977,0.9078962855873213,0.009202800773936624,zr
58506.2590856,1.1620495298251017,0.011751990086844327,zr
58506.2753704,1.1258859492851776,0.011388074839304827,zr
58506.2913194,1.0615324613521162,0.01074141393401772,zr
58506.3073727,1.0159188984927485,0.010283815678812125,zr
58506.3238773,0.9427669716606105,0.0095513350951457,zr
58506.3411806,0.9147700123821276,0.00927147123960623,zr
58506.3587269,0.8905611783710619,0.009029695417345494,zr
58506.3762616,0.8881192414103608,0.009005319035279504,zr
58506.3926157,0.8892877692128183,0.009016983750860623,zr
58506.4087731,0.875072184405252,0.008875116136401915,zr
58508.2252315,0.9423786519095514,0.009547451042102464,zr
58511.2099653,0.9804949457331531,0.009928891691072252,zr
58511.2123727,0.9935704791179585,0.0100598527161793,zr
58511.2147917,0.9748007155448674,0.009871876745934356,zr
58511.2172106,0.9512924266758711,0.009636610459130395,zr
58511.2196412,0.9630390982007214,0.009754146429025596,zr
58511.2220718,0.9398226756794306,0.00952189042717391,zr
58511.2269329,0.9436890576430393,0.009560556266805093,zr
58511.229375,0.9256094913726577,0.009379793933943148,zr
58511.2318287,0.9220407584672636,0.009344125543170082,zr
58511.2517477,0.9182428583622584,0.009306171787443857,zr
58511.2542824,0.9076475491607887,0.009200316849836425,zr
58511.2659491,0.9088801098096149,0.009212629730149314,zr
58511.2691088,0.920643135463613,0.009330157657294233,zr
58511.2723032,0.8897698372627926,0.00902179614851667,zr
58511.2755208,0.912703338923144,0.00925082313374507,zr
58511.2787616,0.9088561687927564,0.009212390239115055,zr
58511.2820486,0.9135687580916914,0.009259470170701488,zr
58511.2853472,0.9150440455794144,0.00927421021801539,zr
58511.2886458,0.9099113436340498,0.009222930375301322,zr
58511.291956,0.9213646789471648,0.009337368907097411,zr
58511.2953125,0.9255290171864186,0.009378988752030243,zr
58511.2987037,0.926472556305086,0.009388419094707766,zr
58511.3024074,0.937642575907777,0.009500090492230107,zr
58511.3132986,0.9386899308662315,0.00951056289492104,zr
58511.3169097,0.9149049963379811,0.009272819708950924,zr
58511.3205208,0.9190029792641444,0.009313767426160685,zr
58511.3240972,0.9516350718969843,0.009640038952085222,zr
58511.327662,0.9821326733896635,0.009945291455394004,zr
58511.3312153,0.9616215765011606,0.009739959813545366,zr
58511.3347569,0.9757455949246375,0.009881337673909307,zr
58511.338287,0.9884356467033183,0.010008417302245779,zr
58511.3418056,0.999453422019466,0.010118792278331434,zr
58511.3453125,1.0175799923728877,0.010300467219400242,zr
58511.3488079,1.0357787559627958,0.010482972328341335,zr
58511.3522917,1.045347293871849,0.0105789695011639,zr
58511.3557755,1.0606647097035518,0.010732701533786155,zr
58511.3626968,1.092822528266671,0.011055683024997973,zr
58511.3661458,1.0782949202774577,0.010909735506294791,zr
58511.3695949,1.094746887978875,0.01107502048871304,zr
58511.3730208,1.1206961482635809,0.011335879203473686,zr
58514.2107176,1.1220899672501692,0.011349897841125818,zr
58514.2131481,1.142260080208039,0.01155280280190571,zr
58514.2180093,1.1592785475068885,0.011724091096955314,zr
58514.2204398,1.1908560826771741,0.01204212831955073,zr
58514.2228935,1.1709174527804345,0.011841283143948935,zr
58514.2253472,1.1767480283165228,0.011900005473828166,zr
58514.2352431,1.2156862910335087,0.012292398904868749,zr
58514.2377431,1.158292273374691,0.011714163265669986,zr
58514.2402431,1.1687637126085542,0.01181959500034128,zr
58514.2427662,1.1674576069569045,0.011806443576263604,zr
58514.2453009,1.1412582218665455,0.011542721946566394,zr
58514.2548032,1.1173935478820989,0.01130266882954608,zr
58514.2579514,1.1388238642956956,0.011518227693045748,zr
58514.2611227,1.1257594449203971,0.011386803053512157,zr
58522.2246181,1.1733493019599908,0.011865773342834828,zr
58526.1891435,0.8862303100610049,0.00898646519969232,zr
58534.3165972,1.1456272079156933,0.011586685894060885,zr
58547.1869676,1.15289033742983,0.011659784984151742,zr
58556.1576389,1.0429938780531292,0.010555355887296688,zr
58560.3212153,1.1648056788127243,0.011779739651967155,zr
58567.1451736,0.8915723662153215,0.009039790686453884,zr
58581.1665856,1.1399968184815477,0.011530028541137997,zr
58591.1401505,0.9482524190832287,0.009606200630863253,zr
58756.5159954,1.159410954207818,0.011725425142074744,zr
58772.4692361,1.1218977558669392,0.011347964273261374,zr
58772.4696875,1.1293466795409097,0.01142288460271894,zr
58772.4701389,1.1329005804312215,0.011458634600852832,zr
58772.4705903,1.1257465878955115,0.011386673940769082,zr
58772.4710417,1.1237212647134245,0.011366302927982568,zr
58772.4714931,1.1257277173668436,0.01138648306960914,zr
58772.4719444,1.1405707747325766,0.011535804276294387,zr
58772.4723958,1.140980545080686,0.011539928121983088,zr
58772.4728472,1.1326707339194022,0.011456322459290081,zr
58772.4732986,1.1408883864585873,0.011539000018597539,zr
58772.47375,1.130736260333915,0.011436862062288904,zr
58772.4742014,1.1366303265094158,0.011496158036126155,zr
58772.4746412,1.1323384101445488,0.011452979652396653,zr
58772.4751042,1.143779107317826,0.011568088686664571,zr
58772.4755556,1.1541122195873466,0.01167208511887884,zr
58772.4760069,1.1502674735777565,0.01163338592976319,zr
58772.4764583,1.1480065324180606,0.011610630828582418,zr
58772.4769097,1.1515766208354554,0.011646562953695004,zr
58772.4773611,1.1478845203556092,0.011609402751784797,zr
58772.4778125,1.1421256348000464,0.011551449860479015,zr
58772.4782639,1.155609435822992,0.011687155866071266,zr
58772.4787153,1.1482566236611653,0.0116131484453073,zr
58772.4791667,1.1631054194269193,0.011762620579535909,zr
58772.4796181,1.1598693690130888,0.011730039310748192,zr
58772.4800694,1.1496826020413657,0.011627499342456606,zr
58772.4805208,1.1394242005038795,0.01152426736138174,zr
58772.4809722,1.1442364001264556,0.011572690207328018,zr
58772.4814236,1.152282906226141,0.011653672384959804,zr
58772.481875,1.1481819606982435,0.011612397237649893,zr
58772.4823264,1.154879837585789,0.01167981181362431,zr
58772.4827778,1.1442544216278483,0.011572871421057144,zr
58773.4644907,0.9406237915093756,0.009529901303554482,zr
58773.469456,1.0394279705153033,0.010519580117100094,zr
58773.4699074,1.0506504220294794,0.010632185914838428,zr
58773.471713,1.0290473516623824,0.01041545472037335,zr
58773.4721644,1.0300809589328233,0.010425821738758183,zr
58773.4726157,1.0316492797350814,0.010441551042567493,zr
58773.4730671,1.024239119894329,0.010367237371636275,zr
58773.4735185,1.0377922885829194,0.01050317035701883,zr
58773.4739699,1.0267901156512564,0.010392816929382308,zr
58773.4744213,1.0350939240437793,0.010476101587484308,zr
58773.4748727,1.0439617802394807,0.010565067163321193,zr
58773.4753241,1.0392106751129924,0.010517400590208299,zr
58773.4757755,1.048888392440517,0.010614503323836488,zr
58773.4762153,1.0443891691138993,0.010569356530402436,zr
58773.4766667,1.0246143625256765,0.010370998638030694,zr
58773.4771181,1.0258047820372438,0.010382936122474996,zr
58773.477581,1.0615212177750828,0.010741300162730068,zr
58773.4780324,1.0459838023868933,0.01058535541334508,zr
58773.4784838,1.0691964775312124,0.010818361852693824,zr
58773.4789352,1.0639837602452167,0.010766023664266468,zr
58773.4793866,1.056314494950999,0.010689033992697114,zr
58773.479838,1.0483955268808929,0.010609556099508023,zr
58773.4802894,1.0592718699558585,0.010718719411287929,zr
58773.4807407,1.0674472907758474,0.010800798680528736,zr
58773.4811921,1.0747952026794452,0.010874585895103967,zr
58773.4816435,1.0697121270176542,0.010823539797859162,zr
58773.4820949,1.088592754268175,0.01101318232123942,zr
58773.4825463,1.071021821160148,0.01083669050664551,zr
58773.4829977,1.0644034641261728,0.01077023763721884,zr
58773.4834491,1.0702798751309208,0.010829241297541238,zr
58773.4839005,1.0967362525967175,0.01109501147208504,zr
58773.4843403,1.0558089017342411,0.010683959425393361,zr
58773.4848032,1.0740204713446475,0.010866804478134623,zr
58773.4852431,1.0593807553516563,0.010719813021100751,zr
58773.485706,1.0702150138123834,0.010828588668765458,zr
58773.4861574,1.0889264810024608,0.011016536235186664,zr
58773.4866088,1.0893216100908665,0.011020505615459439,zr
58773.4870602,1.0966948379905228,0.011094595334045283,zr
58773.4875116,1.0890632903872488,0.011017910990527688,zr
58773.487963,1.1018054577500447,0.01114595793307613,zr
58773.4884144,1.1086505564230607,0.011214765174424386,zr
58773.4888657,1.09703690890988,0.011098033224550547,zr
58773.4893171,1.1067493594694626,0.011195652927848692,zr
58773.4897685,1.1066142014050424,0.011194293238471664,zr
58773.4902199,1.1057125509586194,0.011185231080183702,zr
58773.4906713,1.117302265341432,0.011301752279489881,zr
58773.4911227,1.107984587692273,0.011208071199892373,zr
58773.4915625,1.1172246759000182,0.011300972179041852,zr
58773.4920255,1.105702876211445,0.011185133211815747,zr
58773.4924653,1.1139303563247165,0.01126784629856243,zr
58773.4929282,1.0988759772874759,0.011116515358409464,zr
58773.4933796,1.1104749323223986,0.011233106670580119,zr
58773.493831,1.0965831273642692,0.011093473608434042,zr
58773.4942708,1.1133893923192855,0.011262407663913029,zr
58773.4947338,1.1124841683687228,0.011253306268639164,zr
58773.4951852,1.134005600228691,0.011469749927777691,zr
58773.495625,1.1290322809087445,0.011419722993621406,zr
58773.4960764,1.091048155181348,0.01103785303359434,zr
58773.4969792,1.0965205097482844,0.011092843981324643,zr
58773.4974306,1.1214642644314143,0.01134360358630041,zr
58773.4978819,1.1334967501636581,0.011464631418680614,zr
58773.4983333,1.1490022504490172,0.011620652044700662,zr
58773.4987847,1.1537797683871007,0.011668739778425195,zr
58773.4992361,1.122872793560158,0.01135776987090455,zr
58773.4996875,1.118492301698896,0.01131371774387928,zr
58773.5001389,1.1349583368083205,0.011479335661901909,zr
58773.5005903,1.1365834274672202,0.011495685572002635,zr
58773.5010417,1.1282698925202077,0.011412053402107328,zr
58773.5014931,1.14016608715754,0.011531732768506787,zr
58773.5019444,1.0949949576708329,0.011077512338746468,zr
58773.5032986,1.122740630059507,0.011356440803122005,zr
58773.5059954,1.1192235488950861,0.011321071226856013,zr
58773.5064468,1.1573373240150668,0.011704551300479536,zr
58773.5068981,1.1551771754330227,0.01168280498525494,zr
58773.5073495,1.138927919486911,0.011519274247803246,zr
58773.5078009,1.1346532444600692,0.011476266371082679,zr
58773.5082523,1.1431213057485565,0.011561468163088031,zr
58773.5087037,1.1454873020240486,0.011585277766506571,zr
58773.5091551,1.1548951547317685,0.011679966722712458,zr
58773.5096065,1.145991507627942,0.011590350729420123,zr
58773.5100579,1.171816690000097,0.011850339737207694,zr
58773.5105093,1.1580817009450017,0.011712043602106662,zr
58773.5176505,1.2012377153115212,0.012146748489668062,zr
58778.488287,0.9318812194078054,0.009442486099447693,zr
58781.51,1.1435571649394949,0.011565854828063108,zr
58787.5139815,0.9131026418305338,0.009254811618477552,zr
58793.519838,0.9262227400158712,0.009385922555183583,zr
58798.4372454,0.9844516683302879,0.009968515694843333,zr
58800.4364699,0.8980842483726067,0.009104806445539569,zr
58801.4234606,0.9767068628388847,0.009890961838259743,zr
58806.4865625,1.1583238518727654,0.01171448166848849,zr
58811.5066667,0.9010908076178283,0.009134830241636298,zr
58811.5071181,0.9106237213548031,0.009230047256924865,zr
58811.5075694,0.9030661407659738,0.0091545577945823,zr
58811.5080208,0.9042345131078705,0.009166226502263501,zr
58811.5084722,0.9158586241781531,0.009282347499058206,zr
58811.5089236,0.9074776950807018,0.009198620041156113,zr
58811.509375,0.8901419718319517,0.009025510613155477,zr
58811.5098264,0.8877549842521512,0.009001684179543723,zr
58811.5102778,0.9005851869535011,0.00912978097680445,zr
58811.5107292,0.8907723324439982,0.009031804299708474,zr
58811.5111806,0.8999090913424835,0.009123029677624125,zr
58811.5116319,0.9116329193544931,0.009240128587826423,zr
58811.5120833,0.9058856900181318,0.009182718935209961,zr
58811.5125347,0.9134548358547736,0.009258331918412943,zr
58811.5129861,0.896125342337764,0.009085248333997693,zr
58811.5134375,0.9111549508640973,0.00923535440426446,zr
58811.5138889,0.9092346110962549,0.009216170785357488,zr
58811.5143403,0.9024159428071465,0.009148064936652123,zr
58811.5147917,0.9097634381866326,0.009221453064263726,zr
58811.5152431,0.9082879640941345,0.009206713345057542,zr
58811.5156944,0.8993212165657027,0.009117159422585352,zr
58811.5161458,0.8935041197934973,0.009059076577785739,zr
58811.5165972,0.8962323981758457,0.00908631604060587,zr
58811.5170486,0.9091962573352771,0.009215787467621743,zr
58811.5175,0.9050180464344588,0.00917405198320115,zr
58811.5179514,0.9046055320263119,0.009169932448848441,zr
58811.5184028,0.9160677608666469,0.009284438102578634,zr
58811.5188542,0.9056820476964633,0.009180684948067588,zr
58811.5193056,0.9082584338603802,0.009206418701248774,zr
58811.5197569,0.908330211565227,0.009207136141762995,zr
58811.5202199,0.9006405972280312,0.00913033498998977,zr
58811.5206713,0.9082153532301094,0.009205988211298406,zr
58811.5211227,0.9047366828817759,0.009171241751568674,zr
58827.4233102,0.9038962805258726,0.009162849038048171,zr
58833.3802431,0.8990384775394915,0.009114336288299205,zr
58833.3847801,0.8762859315360805,0.008887226229735404,zr
58833.416331,0.9188940497901502,0.00931267844488092,zr
58836.4618403,0.9135855868051181,0.009259637540531324,zr
58836.4720833,0.913076150758527,0.00925454782593812,zr
58837.2523032,0.917709102356394,0.009300838623254183,zr
58837.2555208,0.8851077007966708,0.008975260278344058,zr
58837.2573495,0.8982901536305985,0.009106863141905614,zr
58837.2587616,0.9173246826175501,0.009296997675805531,zr
58837.2619676,0.9266679001865274,0.00939037241169669,zr
58837.2661343,0.903947065626159,0.0091633568560017,zr
58837.2689236,0.9100304396565935,0.009224121951672984,zr
58837.2712384,0.9112085776239524,0.00923589006951136,zr
58837.2749653,0.8976567879452627,0.009100539062713991,zr
58837.2783218,0.9147949517378833,0.00927172089007117,zr
58837.2811343,0.9348687424822834,0.009472354417019773,zr
58837.282037,0.9193477114326023,0.0093172123062311,zr
58837.2852894,0.9221622064867965,0.009345338907539994,zr
58837.2880787,0.9375347183808894,0.009499012198564147,zr
58837.2903241,0.9297717773453311,0.009421398004119308,zr
58837.2921875,0.9372465259213961,0.009496130069831922,zr
58837.2967708,0.9437685900257216,0.009561352277427913,zr
58837.2985995,0.9525482846952851,0.009649173791442289,zr
58837.2990509,0.9388606115870356,0.009512269618452427,zr
58837.3018634,0.9680760575831169,0.00980455877206056,zr
58837.3027894,0.9672507592666754,0.009796298155919175,zr
58837.306088,0.9868766632600618,0.009992802769139815,zr
58837.3069907,0.9921219982105255,0.010045341802922589,zr
58837.311331,0.9894450480597622,0.010018526827966764,zr
58837.3151389,1.0117334742238522,0.010241859401754216,zr
58837.3160532,1.005251938606648,0.010176897275029623,zr
58837.32125,1.0418795632338629,0.010544177105523259,zr
58837.3265856,1.0540529772791492,0.01066633549671482,zr
58837.3279977,1.0530683477514982,0.010656452087387093,zr
58837.3298958,1.0675016606478611,0.010801344290841668,zr
58837.3303472,1.054497511778118,0.0106707967978818,zr
58837.3307986,1.0754506324550923,0.010881168583546583,zr
58837.3326157,1.0658189541233931,0.010784447869697008,zr
58837.3349769,1.0939413518115275,0.011066924773359884,zr
58837.3359028,1.0815684229823923,0.010942616155014682,zr
58837.3395255,1.092877184035646,0.011056231226370325,zr
58837.3429514,1.1216879110420066,0.011345854199418411,zr
58837.3438542,1.118501161191514,0.011313806431818842,zr
58837.3458796,1.1133053069933752,0.011261562744703468,zr
58837.353912,1.1453666126307824,0.01158406304059411,zr
58837.3548148,1.1431283598896504,0.011561539508296333,zr
58837.3602199,1.1578650881115047,0.011709862953028598,zr
58837.3648958,1.1623170253719177,0.01175468235802285,zr
58837.366331,1.1697568560301759,0.011829595361058296,zr
58837.366794,1.1649642532408007,0.01178133731466068,zr
58837.3707986,1.181321312659453,0.01194606991680916,zr
58837.3774537,1.1870045926850064,0.012003323995657053,zr
58837.3817245,1.1650205856185374,0.011781904002133182,zr
58837.3821644,1.162187390989598,0.01175337734084211,zr
58837.3853472,1.1429526510396084,0.01155977113571661,zr
58837.3857986,1.1471618067628717,0.01160212986803957,zr
58837.3906597,1.147202062979365,0.01160253595351409,zr
58837.3941204,1.119260866033196,0.011321445807420144,zr
58837.4019329,1.1085872497269484,0.011214128561393833,zr
58837.4037963,1.0983346360071633,0.011111073909462477,zr
58837.4153704,1.0553639116076714,0.010679493605120056,zr
58837.4191551,1.0436032893816647,0.010561469549842694,zr
58837.4336111,0.9762839717756303,0.009886727841087356,zr
58838.273287,0.8909930558963941,0.009034007156939609,zr
58838.2737384,0.9015278745192484,0.009139194508044972,zr
58838.2746991,0.8864163525689183,0.00898832205355294,zr
58838.2857639,0.9249317321882242,0.009373018622348862,zr
58838.2912269,0.9021187704347072,0.009145097277542777,zr
58838.2916782,0.8988386924731747,0.00911233937144881,zr
58838.2944329,0.9094750707697619,0.009218573031391909,zr
58838.2971644,0.9117722270942005,0.009241521100420598,zr
58838.2980671,0.9031089771465548,0.009154985048265648,zr
58838.3047222,0.909062115639742,0.009214447290251667,zr
58838.3100116,0.9079353371250691,0.00920319193304069,zr
58838.311412,0.9258949583590859,0.009382645479201264,zr
58838.3138079,0.9012483431077729,0.009136403355227665,zr
58838.3151736,0.9282303393649745,0.009405991200461327,zr
58838.3193287,0.932270880645123,0.009446382391030114,zr
58838.3229745,0.9426684224383892,0.00955034874433945,zr
58838.3234259,0.9350173708236175,0.009473841157019328,zr
58838.3243519,0.9338871491796676,0.009462540839951456,zr
58838.3298727,0.9536625300805893,0.009660321010986081,zr
58838.3328125,0.9604676003567664,0.009728411591226747,zr
58838.3337269,0.9678176082618467,0.009801971892098254,zr
58838.3351042,0.9733103000164294,0.009856956036934513,zr
58838.3384144,0.977280063599337,0.00989670030721061,zr
58846.2818403,0.9195141129700688,0.00931887500431561,zr
58846.2939468,0.9293243557634839,0.009416925642177299,zr
58846.2985764,0.9407890183021896,0.009531554324506327,zr
58846.3101273,0.957060250971543,0.009694316957630575,zr
58846.3105787,0.9709671998674207,0.009833500084401123,zr
58846.3124653,0.9537689048820949,0.009661386258095709,zr
58846.3152662,0.9557010855349688,0.009680717647190622,zr
58846.3216088,0.9799637237623623,0.009923572793606603,zr
58846.3248843,1.0091382766786434,0.010215846767171891,zr
58846.3265278,1.0195491321519032,0.010320210928676661,zr
58846.3289005,1.0256822486509583,0.010381707301310064,zr
58846.3330208,1.029221759365591,0.010417204054266755,zr
58846.3334722,1.0350630357464194,0.010475792592181399,zr
58846.3339236,1.047317786799634,0.010598743053527263,zr
58846.3382755,1.0560222757364768,0.010686100512268107,zr
58846.3411574,1.0700354335290336,0.010826786334290623,zr
58846.3447685,1.0871268929713223,0.010998455883835948,zr
58846.3452199,1.0874841085333824,0.011002043689394734,zr
58846.3499306,1.1091414080664257,0.011219699115608642,zr
58846.3513657,1.1037611894680903,0.01116561540996785,zr
58846.3531597,1.106617157174092,0.011194324055763233,zr
58846.3536111,1.1127626992369053,0.011256106522601072,zr
58846.3540625,1.1088803288324227,0.011217075182420889,zr
58846.3545023,1.1129581633678554,0.011258072251379843,zr
58846.3556019,1.127849728413975,0.011407826754822884,zr
58846.3575231,1.1331423712767401,0.011461067547191445,zr
58846.3615046,1.1395533949345655,0.011525567226518428,zr
58846.361956,1.142395593627025,0.011554165491379567,zr
58846.3624074,1.1460922064833483,0.011591365273738479,zr
58846.3628588,1.128724831101433,0.011416629787781536,zr
58846.3746181,1.168102730997597,0.011812938529312289,zr
58846.3750694,1.1685317560938637,0.01181725925561543,zr
58846.3776157,1.1816886911107514,0.011949771849037066,zr
58846.3791088,1.1756519250042772,0.01188896539314415,zr
58846.3971875,1.1558805590002406,0.011689884965100024,zr
58846.3981597,1.146750767060497,0.01159799235256963,zr
58846.3986111,1.1532680997929092,0.011663588710420796,zr
58849.2547685,1.0760931808546668,0.01088762078306259,zr
58849.2678009,1.0302845785786339,0.010427864142718098,zr
58849.2682523,1.0370405045109647,0.01049562931522245,zr
58849.2716204,1.0068716650577338,0.01019312996728808,zr
58849.272581,1.010476736023801,0.010229262144443618,zr
58849.2740278,1.0011060346528868,0.010135351259132161,zr
58849.2773611,1.009518679585494,0.010219659685097268,zr
58849.2782639,0.9984864124489748,0.01010910385429191,zr
58849.2792245,0.9891451805429587,0.010015522800118627,zr
58849.2805787,0.9795686539196304,0.009919615888359667,zr
58849.2893171,0.9877846642956534,0.01000189691692123,zr
58849.2916319,0.9794353154599934,0.009918280699511613,zr
58849.2934491,0.9647272797272802,0.009771041618206966,zr
58849.3089815,0.9057735601094855,0.009181599406655572,zr
58849.3150347,0.9124452176983276,0.009248244478146076,zr
58849.3180208,0.9455476058064226,0.00957914441596907,zr
58849.3215278,0.8980534783185501,0.009104499956870332,zr
58849.3219792,0.9095621075480572,0.009219441258754228,zr
58849.3229398,0.9085273366287552,0.009209105397686424,zr
58849.3243287,0.9011248356077944,0.009135171383375575,zr
58849.3280556,0.9368860216147245,0.009492524833519487,zr
58849.3289583,0.919102271221404,0.009314760339647645,zr
58849.3325116,0.9514895859625542,0.009638582359832615,zr
58849.3355093,0.9101015191643749,0.009224830682453283,zr
58849.336875,0.9053479432413674,0.00917734790797298,zr
58849.3399306,0.919843702291638,0.009322169499326719,zr
58849.3434838,0.9276997494469543,0.009400686201864935,zr
58849.3454514,0.8961024801036125,0.00908501960201994,zr
58849.3503935,0.9344860859005251,0.009468529304300068,zr
58849.360625,0.9092442416615399,0.00921626689515398,zr
58849.3623495,0.8935786819666275,0.009059820287221899,zr
58849.3628009,0.9126360068765149,0.009250150095419588,zr
58849.3632523,0.8990590132909825,0.009114540585202219,zr
58849.3653819,0.9166594062837906,0.009290350313708612,zr
58849.3658333,0.9216861029362363,0.00934058123142705,zr
58849.3674306,0.9081427481707844,0.009205263134639003,zr
58849.3686227,0.9055062229958658,0.009178928341879826,zr
58849.3714815,0.9151276538406379,0.009275045809471649,zr
58849.3719329,0.9191264821402771,0.00931500096766117,zr
58849.3758333,0.9175197033236948,0.009298945121656911,zr
58849.3832755,0.9249861697916608,0.009373563122595614,zr
58849.387662,0.9364828733788637,0.009488493959494535,zr
58849.3901273,0.9261893850840904,0.009385588560726925,zr
58849.3932986,0.9524922249968054,0.009648613284088767,zr
58849.3973032,0.9591861060180868,0.009715588719382233,zr
58849.4014352,0.9689701519632425,0.0098135084758667,zr
58849.4028356,0.9844698027672003,0.00996869678453515,zr
58849.4058449,0.9827755861259473,0.009951730132231698,zr
58849.406875,0.9924156385695982,0.010048284322472744,zr
58849.4130093,1.0109375293728924,0.010233880852793175,zr
58849.4144907,1.0114144621817729,0.010238661224001893,zr
58849.419537,1.0291784390412615,0.01041677004546648,zr
58850.4488426,1.0283849666015832,0.01040881217688608,zr
58851.2572222,1.1279944408639104,0.011409282785345736,zr
58851.258125,1.1660668239344576,0.011792438581808054,zr
58851.2600231,1.148337320112601,0.011613960567695899,zr
58851.2648264,1.2402648604177715,0.012540291882900817,zr
58851.2704051,1.1567885979940995,0.011699026669870556,zr
58851.2708565,1.1598632798378188,0.01172997869089292,zr
58851.2727894,1.1752616348367306,0.011885033676692426,zr
58851.275162,1.1722480508848938,0.011854682890244835,zr
58851.2756134,1.1575437097674184,0.01170662756952305,zr
58851.2765741,1.1630993132627723,0.011762558827186674,zr
58851.2793634,1.1602840422667682,0.011734216116758697,zr
58851.281713,1.1745237398548216,0.011877602743027701,zr
58851.2835648,1.1822919138913233,0.011955847628145727,zr
58851.2854514,1.1682207590625737,0.011814127189139512,zr
58851.2859028,1.17914430910203,0.011924141059209777,zr
58851.2872685,1.15839512002547,0.011715198477399463,zr
58851.2910764,1.1616994916225283,0.01174846507482662,zr
58851.2915162,1.152170520907925,0.01165254075785369,zr
58851.2966667,1.117259045093912,0.01130131694966807,zr
58851.3031829,1.0953095626237623,0.011080674357803817,zr
58851.3079745,1.0789922350556498,0.010916737973804023,zr
58851.3089005,1.081892423167163,0.010945870963728916,zr
58851.3093519,1.0875720534366096,0.011002928817530963,zr
58851.3129861,1.075803020500255,0.010884707213865426,zr
58851.3134375,1.0714113414688458,0.01084060229965851,zr
58851.3138889,1.077813848228636,0.010904903362877203,zr
58851.3232176,1.0223013146928575,0.010347804652919278,zr
58851.323669,1.0390756302485067,0.010516045439687574,zr
58851.3285069,1.0165249422730553,0.010289891197463019,zr
58851.3295139,1.0150456147978333,0.010275061068379722,zr
58851.3315278,1.012624333434241,0.010250789877807993,zr
58851.3324537,0.9999433564067726,0.010123701050906677,zr
58851.3424769,0.9632395792096519,0.009756152161009099,zr
58851.3484028,0.9348243996684503,0.009471910719625935,zr
58851.3542824,0.9314785947152936,0.009438460725050514,zr
58851.3547338,0.9318337569405336,0.009442013157560474,zr
58851.3562384,0.9418961881289517,0.00954262529360685,zr
58851.3612963,0.9430063111574788,0.00955372913859689,zr
58851.3657176,0.9094606631749474,0.009218428585416648,zr
58851.3813889,0.9098689388206752,0.009222506842049475,zr
58851.3840625,0.8831615627807354,0.008955837227060351,zr
58851.388588,0.8976102418628367,0.009100074118156361,zr
58851.3899884,0.9046309441440418,0.009170186133953012,zr
58851.3960185,0.8985671123059703,0.009109628574527765,zr
58851.4038194,0.8834370303741406,0.008958586629199123,zr
58851.4042708,0.9036310788083524,0.009160199373637764,zr
58851.4083449,0.8754719568457167,0.008879105376232476,zr
58851.4093056,0.8847237366378637,0.0089714282059255,zr
58851.4127431,0.8882276314407047,0.009006401313747423,zr
58851.4151157,0.8937427241868663,0.0090614582081145,zr
58851.4188426,0.9019943959598602,0.00914385348020393,zr
58851.4192824,0.8982980135451474,0.009106942081071259,zr
58851.4351157,0.9056892215352138,0.009180756916822625,zr
58852.4299884,0.9121110545663494,0.009244906067531675,zr
58853.2550116,0.9422031661696255,0.009545696587054316,zr
58853.2572801,0.9717282737579408,0.009841117847081846,zr
58853.2581829,0.9559462619327975,0.009683170859227045,zr
58853.2618171,0.9471061993001335,0.009594734351821376,zr
58853.2627315,0.9438482160428779,0.009562148452638315,zr
58853.2683912,0.9736129892397769,0.00985998557692622,zr
58853.2722685,1.0272781226733902,0.010397712277900274,zr
58853.2737269,1.0040702960554364,0.01016505523884986,zr
58853.2765625,1.0308195327627065,0.010433229038064812,zr
58853.2770139,1.023393747531638,0.010358759592440508,zr
58853.2774653,1.0247232718361274,0.01037209043173002,zr
58853.2792824,1.0145919198585849,0.010270512811826239,zr
58853.2797338,1.0476600882445881,0.010602177387371904,zr
58853.2815509,1.0275759217890637,0.010400698281811557,zr
58853.2824653,1.0531211122748234,0.010656982445466846,zr
58853.2833796,1.0785146266241887,0.010911941813990193,zr
58853.2867824,1.0457422129105531,0.01058293200655957,zr
58853.2910069,1.068482957069304,0.010811196325501631,zr
58853.2929282,1.0747508550455782,0.01087414095521734,zr
58853.2964236,1.0750151860716444,0.010876796003791623,zr
58853.3017014,1.1018064725508416,0.01114596921368876,zr
58853.306331,1.1110320808676517,0.011238708275108585,zr
58853.3125,1.1515493626775726,0.011646288230673221,zr
58853.3156481,1.1416542541243397,0.011546706819967499,zr
58853.3177662,1.1442122665135963,0.011572447070902448,zr
58853.319919,1.146533211223253,0.011595803866450446,zr
58853.321331,1.153224550449048,0.01166314922962986,zr
58853.3231713,1.1517810245456535,0.011648620341375196,zr
58853.3264931,1.1832394456478725,0.011965391881207762,zr
58853.3269329,1.1500068819687783,0.011630764170762663,zr
58853.3302199,1.1554165906764478,0.01168521448249192,zr
58853.3332407,1.1773704167760373,0.011906274185241776,zr
58853.3336921,1.16378501077812,0.01176946346041767,zr
58853.3358565,1.1861301882744353,0.01199451432804022,zr
58853.3403935,1.1693305044159632,0.011825301817427537,zr
58853.3480671,1.17929353934715,0.01192564407311251,zr
58853.35875,1.1152618316459328,0.011281234268957408,zr
58853.363831,1.1265566597863073,0.011394821255448903,zr
58853.3698611,1.1095233318099367,0.011223538716469013,zr
58853.3734954,1.0989870105055346,0.011117631109025819,zr
58853.3744444,1.0941239364152135,0.011068759708223202,zr
58853.3749074,1.086320360174257,0.010990353027201367,zr
58853.3753588,1.0788178392560275,0.010914986435963569,zr
58853.3813079,1.044392824408592,0.010569392656738993,zr
58853.3822454,1.0693842889670568,0.010820248380384636,zr
58853.3894444,1.0452031725820912,0.010577524463492059,zr
58853.3934144,1.005981512011597,0.010184208227793033,zr
58853.3954167,0.9959436324608876,0.0100836270535861,zr
58853.4043056,0.9729914842969866,0.00985376405315799,zr
58853.4075231,0.9597617534878446,0.009721348641936557,zr
58853.4104167,0.9466745007778802,0.009590417060176003,zr
58853.4133333,0.9525156486009898,0.00964884722819207,zr
58853.4192014,0.9385003508257159,0.009508667100018433,zr
58853.4280556,0.9347750653785678,0.009471417307554457,zr
58854.4423843,0.946067665045168,0.009584347326423675,zr
58855.3191088,0.9634579380775306,0.009758337360436254,zr
58856.3287847,0.8985292912840334,0.009109251270956287,zr
58856.3292361,0.9389654218135027,0.009513317861818986,zr
58860.2667593,1.1511873252437412,0.01164264550261553,zr
58860.3158565,1.0890900725349413,0.01101817913336674,zr
58861.1361111,0.9430435722986443,0.009554100990702698,zr
58862.216169,0.9148439056260936,0.009272209974533827,zr
58862.3024653,1.0480088722088652,0.010605676531623007,zr
58864.2187153,0.9594936818479749,0.00971866624074682,zr
58867.2582407,1.1576647226597265,0.011707845442476758,zr
58871.2616551,0.9190264257580044,0.009314001916131513,zr
58873.2136343,1.038379437200248,0.010509060103022366,zr
58877.287419,1.158055248757033,0.011711778109385852,zr
58878.1862269,0.885740777970241,0.008981579529628988,zr
58878.2797685,1.1037233725355176,0.011165235701388164,zr
58879.2766088,0.9933287358806457,0.010057430603093085,zr
58880.2131019,0.9091898931122367,0.009215723796032449,zr
58881.2607292,0.8939429409384292,0.009063457450092504,zr
58881.2863079,0.8943953225495785,0.00906797425764688,zr
58882.1602315,1.1615352636393497,0.011746812232826668,zr
58883.2459954,1.0422813319766344,0.010548207335325292,zr
58884.1984722,1.0939394374544877,0.011066906414204948,zr
58884.2080208,1.1180503433151394,0.011309274145199333,zr
58885.2056019,0.9874247286387657,0.00999829219206266,zr
58890.1871412,1.098532422314214,0.011113062530893829,zr
58891.1392014,1.0584627027374491,0.010710595927996279,zr
58892.2837847,0.965765038003899,0.009781428876297217,zr
58894.2236343,1.0493970507273127,0.01061960849178392,zr
58895.2565741,1.0501808128095165,0.010627473304034917,zr
58896.2680093,0.9728470343066264,0.00985231863913408,zr
58898.161794,1.1292940483307197,0.01142235423555307,zr
58898.1627083,1.1283263211323518,0.011412621247850363,zr
58899.2353472,0.9792934264683517,0.00991685982117747,zr
58899.3104977,0.9227683267346433,0.009351396776679077,zr
58900.17,1.1402431694352804,0.01153250744899571,zr
58903.1816204,0.9124532014677303,0.009248323886284784,zr
58903.1932639,0.9152449879915474,0.00927621773927941,zr
58903.2072454,0.9415991966444737,0.009539656019255396,zr
58904.1924306,0.9120373820586519,0.009244170263541391,zr
58905.1910532,0.9134067134470747,0.009257850482790304,zr
58906.1935417,0.9473899192914443,0.00959757282394783,zr
58906.1945023,0.9565409327683957,0.009689119814086442,zr
58909.1205787,0.9189303581801388,0.009313042440134882,zr
58909.1520486,1.0032398147227124,0.010156734522016802,zr
58909.1615278,1.0599568828546033,0.010725596450037513,zr
58912.1724653,0.9066236406380282,0.009190089702028295,zr
58912.1744213,0.898932659611503,0.009113278919599632,zr
58915.361169,1.1001962473965006,0.011129784814383084,zr
58915.3620718,1.090504844645721,0.011032394868688624,zr
58938.1727546,0.9276491677976586,0.009400179963936264,zr
58939.1741551,0.933470503421835,0.009458375264580553,zr
58944.1514583,0.9556733585904675,0.009680439253326982,zr
58944.1523727,0.9413718324839733,0.00953738234301148,zr
58954.1933218,0.9377133938416244,0.009500798424982339,zr
58955.1977778,0.9092641730684887,0.009216465741200974,zr
58955.2000347,0.902258203224297,0.009146489815617585,zr
58956.1571875,0.9502526278910219,0.009626208472302457,zr
58962.1628472,0.9270553815017949,0.009394245666386416,zr
58973.160625,0.9063608943895948,0.009187465998429827,zr
59089.4994213,1.0856459068400344,0.010983577047860753,zr
59089.5096875,1.0342387351799798,0.010467524401073174,zr
59089.5147106,0.9867717763507375,0.009991751714367406,zr
59091.4966088,1.1423082655912664,0.011553287202318095,zr
59091.5015162,1.1694158053881716,0.011826160470958164,zr
59091.5064236,1.1667614709049887,0.011799433567381251,zr
59091.5113426,1.157325172282286,0.01170442840581713,zr
59093.4985995,0.9399630013203835,0.009523293621108998,zr
59093.5033102,0.9641902139642341,0.009765665731535,zr
59093.5082292,0.9854933074505792,0.009978946652277788,zr
59093.5129398,0.9952248220919985,0.010076426130819844,zr
59093.5176389,0.9961106864326685,0.010085300442300646,zr
59095.4980671,0.8875640011608729,0.00899977731796305,zr
59095.5027778,0.9100463650071234,0.009224280270681107,zr
59095.5075116,0.9020862835298342,0.009144771020442493,zr
59095.5122222,0.8960835799966657,0.009084830296625192,zr
59095.5169444,0.9042345131078705,0.009166226502263501,zr
59097.4987847,0.9762505224520946,0.009886392430103932,zr
59097.5034606,0.9178380952465007,0.009302127094546411,zr
59097.5128241,0.9455069365136781,0.009578738064383262,zr
59122.5098958,0.899023490049221,0.009114186665540702,zr
59124.406713,1.0089353979868572,0.010213813773332438,zr
59124.4757176,1.1500877014237585,0.011631577630938835,zr
59126.5091898,1.1535842535939262,0.011666771260252512,zr
59130.4701273,0.9428927996929023,0.009552592859330586,zr
59135.5057176,1.1017589808752615,0.011145491625127521,zr
59141.492037,1.1183803278816997,0.011312590880259949,zr
59143.4971065,1.1456201383544358,0.011586615448831664,zr
59145.4996875,0.9439394117316332,0.009563061838559797,zr
59149.344919,0.9315857555228955,0.009439532146366239,zr
59150.487419,1.1639312251590976,0.011770936136412048,zr
59152.4647222,0.9808283252452171,0.009932230589544832,zr
59155.4659144,0.9066435145991725,0.00919028806692601,zr
59157.4779861,1.002237479019008,0.010146689219563163,zr
59163.5205671,0.9389513253677724,0.009513177462288455,zr
59165.4230324,1.1672832114829452,0.011804686911280891,zr
59168.4349884,0.997285625443143,0.010097072319938297,zr
59170.4051852,0.8980164233086709,0.009104129667959796,zr
59180.5373958,1.022807818788732,0.01035288413777599,zr
59182.4998264,0.8976409967302609,0.009100382111393144,zr
59184.481331,1.1338811076981261,0.011468497657177694,zr
59193.3847338,0.9402305524076714,0.009525968046849766,zr
59193.4977199,1.0956328354114617,0.011083922135452454,zr
59194.3434144,0.9000308571898786,0.009124244791388994,zr
59194.4882292,1.168159215137857,0.011813507812696139,zr
59195.3367824,1.0047451518849289,0.010171817601312652,zr
59195.4778009,1.0336057562922303,0.010461174763693586,zr
59195.47875,1.0384387346272175,0.01050965583107229,zr
59196.3900347,0.9089032143259446,0.009212860825759298,zr
59196.486875,0.9577380884681618,0.009701099152908487,zr
59198.2783218,0.9462845715402992,0.00958651633268924,zr
59198.4544676,0.9164492904422904,0.00928824990879167,zr
59198.4554398,0.9215039460819762,0.009338761267730537,zr
59199.3095718,0.9423033157487112,0.009546698295946125,zr
59199.4076852,1.1397215480474514,0.011527259127760078,zr
59200.3653241,1.0475974661202436,0.010601549063291901,zr
59200.3837153,1.0860589510452285,0.010987726044286274,zr
59202.3219329,0.9061578963841203,0.00918543782298214,zr
59202.413831,0.9825562879626238,0.00994953392090559,zr
59203.2841551,1.0948045642092912,0.011075600240110978,zr
59203.4521759,1.0215553893203235,0.010340326134378545,zr
59203.4642824,1.0543113437868548,0.010668928344374938,zr
59204.3651389,0.9370530947077875,0.00949419673132627,zr
59204.4338426,0.9142157927578426,0.009265934048059275,zr
59205.2195833,0.9043680257351443,0.009167561345081426,zr
59210.2965394,0.9166448848771779,0.00929020550306923,zr
59210.3621181,0.9199802822566717,0.009323533928124149,zr
59216.289919,0.9499338405461203,0.009623019002810458,zr
59216.3357639,1.0302411186311333,0.010427427780542507,zr
59216.4157523,1.0401239085744285,0.010526561792537243,zr
59217.3283218,0.9335525279487419,0.00945919597282832,zr
59217.3581597,1.0188759692875282,0.010313460765755799,zr
59218.3511574,0.9282294844336288,0.009405981682296295,zr
59218.4044329,1.0870400853857891,0.010997583258768609,zr
59218.4848727,1.0525514146935933,0.010651264352945224,zr
59219.3410648,0.8999517779703893,0.009123456206214712,zr
59220.2811343,1.0743355807582833,0.010869969660334686,zr
59220.3088542,0.9685472208607748,0.00980927579550884,zr
59220.377963,0.8862435333817968,0.008986596999976587,zr
59220.4070718,0.9235256441845278,0.00935896609389335,zr
59221.2464931,1.116640972724869,0.011295102347196682,zr
59221.4206134,0.9059286601422775,0.009183148337275623,zr
59222.2608218,1.0623028810076762,0.010749147609734217,zr
59222.322338,1.1519206381723857,0.011650025437616174,zr
59222.3501736,1.0645970031687335,0.010772180384536341,zr
59223.2973032,1.0894909806815172,0.011022206970829503,zr
59223.4432176,0.8993875662797531,0.009117821295485232,zr
59224.2546296,0.9024008990125808,0.00914791476032757,zr
59224.2982639,0.9719971673972237,0.009843809359159138,zr
59224.2991898,0.9981531905382429,0.010105764372217768,zr
59225.2584375,0.8954682651035609,0.009078686521353383,zr
59225.3562269,1.0600648623084479,0.010726680003096366,zr
59226.26625,0.9017519275101823,0.009141432612457189,zr
59226.4006134,1.1135370697240978,0.011263892868641188,zr
59226.4348148,1.14430269114087,0.011573357716847464,zr
59227.2661458,0.9750841101871258,0.0098747141032885,zr
59227.3179051,0.8852290130000611,0.008976471423747665,zr
59228.2453356,1.146659092869814,0.011597070143110082,zr
59228.3287153,0.9097770964355633,0.009221589159419005,zr
59228.4488079,1.0771693794984623,0.01089843000290731,zr
59229.2664699,1.153618678795314,0.011667117506894857,zr
59230.2431019,1.0729096693895723,0.010855649222597104,zr
59230.2878241,1.192572743696453,0.012059426181267489,zr
59230.4350579,0.8967024560889321,0.009091009303091693,zr
59231.3070833,1.153673399979663,0.011667668910467855,zr
59231.3601042,1.0576932171877362,0.010702873011090769,zr
59232.3013079,1.0685439735800777,0.010811810065464646,zr
59232.3269444,1.1788212588302465,0.011920887338605222,zr
59232.3485648,1.183233233782497,0.011965330045151733,zr
59233.2370486,0.9057250081609621,0.009181113504257151,zr
59233.2915394,0.9386668472545066,0.009510333081111993,zr
59248.2459259,1.0093076368063447,0.01021754573237265,zr
59250.2156944,0.9051158274158194,0.009175029171287478,zr
59252.2023843,1.1523213256289477,0.011654059031175473,zr
59254.1875116,1.061719904432526,0.010743295081103568,zr
59256.2150116,0.9654453148002112,0.009778227924347026,zr
59260.2480324,0.9209795761747077,0.009333519861691252,zr
59263.2171991,1.1287556035029438,0.011416939063838713,zr
59265.213125,0.9462862275063163,0.009586532237206987,zr
59267.1759144,0.94983454215748,0.00962202612532245,zr
59271.259294,1.0974937085544068,0.011102624256876546,zr
59273.2568519,1.1254973565262085,0.011384166601175565,zr
59278.1840509,1.174455698093866,0.011876917686111628,zr
59281.201713,0.9623389840937646,0.009747139522675582,zr
59291.2164005,0.9132037354596143,0.009255822129234004,zr
59293.1765278,0.9772302888833453,0.009896202910068316,zr
59302.1926042,0.9766433545370077,0.009890326165377248,zr
59304.2888657,0.9194801527549977,0.009318535574814671,zr
59307.2146644,1.0109633213900113,0.010234139342302181,zr
59309.2247917,0.8976457092627255,0.009100428316711836,zr
59311.1579051,1.168775015610395,0.011819709306511642,zr
59313.1939931,1.1546171376095367,0.011677167879940777,zr
59315.162037,0.9180202884342434,0.009303946787111158,zr
59317.1625347,0.9154122488755411,0.009277888600340288,zr
59321.2000579,1.1726167117160655,0.011858396062667897,zr
59328.1776157,1.0535272159745173,0.010661057632459468,zr
59334.256794,0.9990469983552255,0.01011472029992317,zr
59336.2025347,0.9128588688788316,0.009252376070197067,zr
59361.1739699,0.9392400420333649,0.009516063985536763,zr
59361.1754282,0.9321759184365785,0.009445432191328358,zr
59361.1768981,0.897611812650422,0.009100090042978497,zr
59361.1783565,0.9277428998242576,0.009401117050187082,zr
59362.1740278,1.0057509218376686,0.010181897990012631,zr
59362.1749884,1.0295997757443511,0.010420994752087265,zr
59362.1759606,1.004177021675911,0.010166124521765688,zr
59362.1769213,1.0142996585898867,0.010267582989036865,zr
59362.1778935,0.9941213463105026,0.010065370521279954,zr
59363.1740278,1.1362051653321552,0.011491880246400195,zr
59363.175,1.128117248043131,0.011410518184761513,zr
59363.1759606,1.1217174584556768,0.011346150178214756,zr
59363.1769329,1.1129288466847589,0.011257777647534576,zr
59363.1778935,1.1279745976421203,0.011409082077859446,zr
59367.1644444,0.8892932569605888,0.00901703939419025,zr
59367.1668519,0.8928333401464766,0.009052379031200007,zr
59368.1649074,0.8696143132089286,0.00882066864021306,zr
59368.1673264,0.8789384819554068,0.008913693154612753,zr
59368.1697338,0.8853293037851425,0.008977472418343685,zr
59368.1721412,0.8683678166414107,0.008808234487600335,zr
59368.1745486,0.8761797250380788,0.008886166361008972,zr
59369.1653935,0.9248212481865772,0.009371914082806559,zr
59369.1677894,0.8886349689611387,0.009010467608352661,zr
59369.170162,0.9212287419376985,0.009336010204365471,zr
59369.1725579,0.9087962353063737,0.009211792029576402,zr
59369.1744792,0.9142382750714074,0.009266158799521378,zr
59370.1658449,1.0000566435932274,0.010124835935253321,zr
59370.1682523,0.9620253570215034,0.009744000845115773,zr
59370.1706713,0.9455360231530335,0.009579029512976069,zr
59370.1730787,0.9526018032916177,0.00964970934659847,zr
59370.1754977,0.9422859580400382,0.009546524870941172,zr
59371.1662963,1.106237150796985,0.011190503725070945,zr
59371.1687037,1.1263874404214005,0.011393119294742186,zr
59371.1711111,1.0958455775333387,0.011086060201561021,zr
59371.1735301,1.1053047574181247,0.011181132469070288,zr
59371.1759375,1.0540103592011794,0.01066590879194878,zr
59373.1685532,1.0953681764822916,0.0110812625818793,zr
59373.1709028,1.1099873753971223,0.011228204291212915,zr
59373.1732523,1.1261045657396123,0.011390273544072241,zr
59373.1756134,1.105926231691159,0.011187378485636822,zr
59373.177037,1.1283164485195487,0.011412521389867312,zr
59446.5024653,0.9358086157301038,0.00948175224274617,zr
59446.504838,0.9408287047800512,0.009531950773484642,zr
59446.5071991,0.924140746627793,0.009365112354253002,zr
59446.5095718,0.9514477847809367,0.009638164610229432,zr
59449.5013773,0.9121912022276426,0.009245706659891904,zr
59449.5037731,0.9173762221879677,0.009297512166515497,zr
59449.506169,0.915159767511732,0.009275365810688982,zr
59449.5085764,0.931517802643966,0.009438852433336054,zr
59449.5109722,0.8998822371034967,0.009122761249352442,zr
59450.5030324,0.9813789972711241,0.009937743807196916,zr
59450.5054398,0.9792899088206138,0.009916825101515571,zr
59450.5078356,0.9659007856205435,0.009782786314029452,zr
59450.5102431,0.9748178641463007,0.00987204960299435,zr
59450.5126389,0.9563535609852075,0.00968724564577953,zr
59451.5027083,1.0935887636181845,0.011063383175537221,zr
59451.5051157,1.0751096482016527,0.010877743435591163,zr
59451.5075116,1.0772326779546715,0.010899065870985032,zr
59451.5099074,1.0535800034896652,0.010661587249355505,zr
59451.5123032,1.057058832224964,0.01069650532193951,zr
59452.509919,1.1736863109387201,0.01186916834596959,zr
59452.5122801,1.1616862241351062,0.011748331861420982,zr
59453.5045718,1.114773097089166,0.011276320233686755,zr
59453.5069444,1.1246554167276934,0.011375697793593634,zr
59453.5093056,1.1393961805742203,0.011523985958494829,zr
59453.5116782,1.1325105053867943,0.011454709661608047,zr
59453.5140394,1.121274122417995,0.011341691764418647,zr
59459.4948495,1.0474005540651863,0.010599572545919436,zr
59459.4973727,1.0639567135478614,0.010765751851502588,zr
59459.4998843,1.0397137783410944,0.010522446793250241,zr
59459.5024074,1.0284789309078295,0.010409754333584395,zr
59459.504919,1.0221468140251015,0.010346255661094159,zr
59460.4961343,1.1701082443324842,0.011833134893957181,zr
59460.4986574,1.1466843342257083,0.011597324372766902,zr
59460.5012037,1.1483746560383963,0.01161433626889896,zr
59460.5037384,1.14502866560525,0.01158066281343139,zr
59460.5062731,1.1345765400702774,0.011475494527899761,zr
59461.4951736,1.1533480861643577,0.01166439372299615,zr
59461.4977083,1.1829931756201557,0.01196291163297253,zr
59461.5002431,1.1584978691065666,0.011716232594804721,zr
59461.5027778,1.1599488517063983,0.011730841108569931,zr
59461.5053241,1.166180564729497,0.011793583902112477,zr
59462.496875,1.0685589329984126,0.010811959558868897,zr
59462.4993866,1.0784388367829412,0.01091118146165943,zr
59462.5019097,1.0644063071502472,0.010770265424193634,zr
59462.5044213,1.1000175125874776,0.011127987946637129,zr
59462.5069329,1.1162840498068904,0.011291513059511104,zr
59471.471794,0.9342440041825644,0.009466108545950454,zr
59477.4269444,1.0264925442680217,0.01038983403887482,zr
59479.4421528,0.9250544130030248,0.0093742451386231,zr
59483.5039005,0.89126932443648,0.009036764725311409,zr
59489.4453935,0.8990226620183654,0.00911417901629583,zr
59496.464456,1.0101289064228467,0.010225776534303621,zr
59498.4883565,0.9119660673635644,0.009243457600025007,zr
59500.5030208,0.8939311670841396,0.009063339642361452,zr
59503.3722569,0.8956468427441823,0.009080469392215474,zr
59504.4834722,1.194401002688485,0.01207784916147557,zr
59509.4498727,1.0259561503435268,0.010384454154508994,zr
59511.4024537,1.015117884488085,0.01027578571827126,zr
59518.5091782,0.9189731006641084,0.0093134685953116,zr
59522.3416551,0.9784989394969187,0.00990890507622501,zr
59524.4474537,0.9391121930868587,0.0095147856161451,zr
59526.4895949,0.9026308221602055,0.009150210728092568,zr
59529.3631944,0.9030757059951467,0.009154653178827478,zr
59531.421713,0.9193081690330633,0.00931681706385801,zr
59536.4866667,1.0302692060732486,0.010427709406332041,zr
59538.3058449,0.9685421361038681,0.00980922429798577,zr
59550.3712269,1.109325610085617,0.011221550997556591,zr
59622.326713,0.8681687701544882,0.008806248975827791,zr
59627.3455787,1.1319725078697898,0.011449298144406051,zr
59629.3284838,1.0058790415514367,0.010183182062394058,zr
59636.1635069,0.9518733312361326,0.009642422354354117,zr
59640.2409838,1.0402435683483418,0.010527763035255535,zr
59672.1814699,1.0085942299991393,0.010210393728681006,zr
59674.1968171,1.1431193053284079,0.01156144887851152,zr
59676.1653819,0.932488746418208,0.009448560405917496,zr
59680.2180093,0.8700284199264874,0.008824798889911018,zr
59683.1600231,1.0394581274317796,0.01051988177931247,zr
59685.1967593,0.97294954499361,0.009853344340064282,zr
59687.1638657,0.8963724897779914,0.009087714790147923,zr
59689.1784722,0.9853496333078173,0.009977507894495006,zr
59693.1809606,1.0030098529981613,0.010154429592035696,zr
59695.2019213,0.8779801138632225,0.008904130647906596,zr
59697.1801389,0.9276663413254311,0.009400351596695352,zr
59700.1668634,1.106423723835357,0.011192379652260808,zr
59702.1767245,0.9230585285720925,0.009354295703457118,zr
59708.195787,1.1090312896897987,0.011218592754149402,zr
59710.2158449,1.0947554585551635,0.011075105378101836,zr
59725.1725463,1.1331364224150071,0.011461007377959511,zr
59725.1734838,1.1517000860967466,0.01164780568933653,zr
59725.1744329,1.1211716801200962,0.01134066237561452,zr
59725.1753704,1.144842542002905,0.01157879019113769,zr
59725.1763194,1.146295531137706,0.011593411843078143,zr
59726.172662,1.0985034856228306,0.011112771721538583,zr
59726.1736111,1.1247699871216605,0.011376849919910715,zr
59726.1745486,1.112594629589953,0.011254415950876784,zr
59726.1754977,1.0689259964337359,0.010815646134954811,zr
59726.1764352,1.1336351915704144,0.011466023942991616,zr
59731.1653009,0.8887083881297837,0.009011200595252716,zr
59731.1676736,0.880743809444804,0.008931708672345107,zr
59731.1700463,0.8967465598855161,0.009091449583922983,zr
59731.1724074,0.9323732377267565,0.009447405972165155,zr
59731.1747801,0.9163309579277535,0.009287067061517313,zr
59732.1643287,1.0080982000240724,0.01020542236191525,zr
59732.1690972,1.0198438453193726,0.01032316527523733,zr
59732.1714699,1.0007930466869346,0.010132215980941559,zr
59732.1738542,0.9975764757132108,0.010099987096306183,zr
59735.1657523,1.0219080006274053,0.010343861149212595,zr
59735.1681713,1.033545782909027,0.010460573100941277,zr
59736.1662153,0.8844113742097359,0.00896831156391838,zr
59736.1686343,0.8975794880491339,0.00909976696204299,zr
59736.1710532,0.8913914811474252,0.009037985728125246,zr
59736.1734838,0.9295945294914509,0.009419626691530888,zr
59736.1759028,0.9530118905952852,0.009653812031212038,zr
59737.1666435,0.888284572182289,0.009006969515151767,zr
59737.1690625,0.8687737281325771,0.008812283250769928,zr
59737.1714815,0.861740609026202,0.008742138389825195,zr
59737.173912,0.8615968039577426,0.008740704600628979,zr
59737.176331,0.8787841177104707,0.008912153338082372,zr
59811.5003704,0.9711155745509955,0.009834985222720107,zr
59811.5027315,0.9329868428785778,0.009453539373869543,zr
59811.505081,0.8983532830968379,0.009107493136554373,zr
59811.5074421,0.8764953154782021,0.008889315234310208,zr
59811.5097917,0.8834882120503293,0.0089590966100768,zr
59812.5018171,1.0321623166366298,0.010446696640333996,zr
59812.5041898,1.015025982264927,0.010274864109260744,zr
59812.5065509,0.9988162498095778,0.010112408955019322,zr
59812.5089236,0.9952134558712983,0.010076312791995513,zr
59812.5112963,0.9872980501318233,0.009997023042140729,zr
59813.5019329,1.1220140088168686,0.011349133451397896,zr
59813.5043287,1.1195872893936225,0.011324729363483563,zr
59813.5067361,1.1305237210638703,0.011434723990182796,zr
59813.5091319,1.0884005668764531,0.011011252015274338,zr
59813.5115394,1.0761120122699264,0.010887810422224668,zr
59814.5034954,1.1198695583892153,0.011327567212418937,zr
59814.5059028,1.121980526732259,0.011348796641341476,zr
59814.5083102,1.1304512523291044,0.011433995896049863,zr
59814.510706,1.1447048405582563,0.011577404349469954,zr
59814.5131134,1.0626696550431687,0.010752829727366083,zr
59815.5048727,1.0120338511484326,0.010244870593412714,zr
59815.5072685,1.0317579865231605,0.01044264064488302,zr
59815.5096759,1.0640305056148665,0.01076649303582708,zr
59815.5120718,1.0629188752658,0.010755332420496408,zr
59816.5050231,0.9273534228972672,0.009397224506744588,zr
59816.507419,0.894609033636007,0.00907010796167708,zr
59816.5098264,0.9375000926147117,0.009498665431915859,zr
59816.5122338,0.9304523118729964,0.009428201321903622,zr
59816.5146412,0.942252024643145,0.00954618516244178,zr
59824.4945486,0.9325992874633674,0.009449664414596107,zr
59824.4970718,0.9447888500611374,0.009571556473456058,zr
59824.4995833,0.9761947761262608,0.009885834545982682,zr
59824.5021065,1.0054125901044342,0.010178507276568181,zr
59824.5046296,0.9417704063531402,0.009541367962801714,zr
59825.4967014,0.8927180569384435,0.009051227777856692,zr
59825.4992361,0.8838630922445162,0.008962838935753593,zr
59825.5017708,0.8801305162743028,0.008925588833073563,zr
59825.5043056,0.9082775907581502,0.00920661053977589,zr
59825.5068403,0.9198162531827784,0.009321895297685935,zr
59827.4958218,0.8703967872194608,0.008828473313258959,zr
59827.4983333,0.8500153320177232,0.008625237280332078,zr
59827.5008449,0.8705130364165246,0.00882963303114787,zr
59827.5033681,0.8935174516458076,0.009059208702071768,zr
59827.5058796,0.8790812950469399,0.008915118893974413,zr
59828.4979861,0.9179195070370474,0.00930294111347428,zr
59828.500463,0.8946624281853376,0.009070640904187507,zr
59828.5029514,0.9101119133312379,0.009224934529365387,zr
59828.5054398,0.9309231691242441,0.009432908604829501,zr
59828.5079167,0.9112478555630529,0.009236282730139394,zr
59846.472963,1.0354503501437167,0.010479676998662901,zr
59848.4943056,1.1301812014396049,0.011431277987330533,zr
59853.4537847,0.9717256782764434,0.009841092366997076,zr
59856.497338,1.1267585942641964,0.011396852145863199,zr
59858.4885069,0.9869087496106711,0.009993124302223308,zr
59860.4553241,0.8899871974103039,0.009023967277256663,zr
59862.4926042,0.9005622938832283,0.009129552794205076,zr
59865.5027894,1.1462744157881661,0.01159319923668873,zr
59867.4047801,0.8703372255430012,0.008827878876009861,zr
59871.4259722,1.0906207576516431,0.01103355909698787,zr
59874.4866088,1.1204785817729652,0.01133369203029499,zr
59878.4849537,0.8765399593107704,0.008889760498848487,zr
59880.4660764,1.0413754120121752,0.010539117796588606,zr
59882.473669,1.1152813485047406,0.011281430763808034,zr
59889.4477431,1.145157335299874,0.011581957305330175,zr
59901.4996065,1.0685608029404297,0.010811978479432695,zr
59903.4265972,0.8984874169111343,0.009108832129360344,zr
59908.4377778,1.0369812869264023,0.010495035337292801,zr
59910.4036574,0.8778089394380816,0.008902423203653923,zr
59914.4035648,1.1456121192034292,0.011586534344444767,zr
59930.3371181,1.0447910395491717,0.01057338858130351,zr
59933.3812847,0.9440770478368442,0.009564437623761765,zr
59935.3100926,1.0145009996423902,0.010269601134333669,zr
59937.3400116,1.1333802469690764,0.011463459949222795,zr
59957.2554051,0.8880888127761658,0.00900501581286641,zr
59967.2352083,1.0345894353035092,0.010471041913159087,zr
59969.3124537,0.9843963603608232,0.009967961632671322,zr
59971.3186227,1.1406238264438637,0.011536338848574818,zr
59982.2387616,0.8800749088018838,0.008925033984474582,zr
59984.2687616,0.914698484015208,0.009270756471803376,zr
59992.1622222,1.137112619528959,0.011501008731037002,zr
59994.225787,1.1379019438122144,0.011508952096179574,zr
60013.223287,0.9658532806802704,0.00978231104820633,zr
60021.1826389,0.9380578006890596,0.009504242035901247,zr
60031.1583333,0.8988315728965167,0.009112269511864609,zr
60036.1993519,1.1474651895753467,0.011605183415852816,zr
60043.1804167,1.1075691214603096,0.011203894163058939,zr
60045.2283681,1.1332220055383235,0.011461868095275147,zr
60049.1951157,0.898599472474649,0.00910995200551616,zr
60051.1755787,1.0717163080142733,0.01084366684524547,zr
60053.1999884,1.1379649331454744,0.011509585304036103,zr
60055.2040741,0.9655894661769657,0.009779671377282674,zr
60057.1852894,0.916233568734482,0.009286094953148288,zr
60065.1955556,0.8700192047287266,0.008824706861465451,zr
60073.1765394,0.8901755863598436,0.009025846115259235,zr
60090.1724074,0.8716890676868865,0.008841365645707004,zr
60090.1733565,0.8785541191519459,0.008909858524774942,zr
60090.174294,0.8801181947820785,0.008925465418402988,zr
60090.1752431,0.856012367458007,0.008685021035350201,zr
60090.1761921,0.873342186881125,0.008857856434163742,zr
60093.1743519,0.9778338770152657,0.009902245700676118,zr
60093.1753241,1.008014082090152,0.010204580361675597,zr
60093.1762847,0.9770251861985563,0.009894148555693138,zr
60093.1772454,0.9761819189577257,0.009885706050905527,zr
60093.1782176,0.9531952715460166,0.009655647518345082,zr
60097.164213,0.9253396235709447,0.009377095667753035,zr
60097.1665972,0.9578617681881316,0.009702336311400224,zr
60097.1689699,0.9359598072346492,0.009483264051799084,zr
60097.1713542,0.9509766188481489,0.009633450471719247,zr
60097.1737269,0.9504045773648845,0.009627729011758426,zr
60098.1647106,0.9105389311713167,0.009229200322560225,zr
60098.1671412,0.8574195849033732,0.008699052140967773,zr
60098.1695718,0.86724730574228,0.008797058362087117,zr
60098.1719907,0.872842167909033,0.008852868849877665,zr
60098.1744097,0.8741702840699878,0.00886611819811464,zr
60099.1675694,0.8470266588742283,0.008595449125741008,zr
60099.1699653,0.8606754976100752,0.008731516936318502,zr
60099.1747685,0.856272584455149,0.008687615588220876,zr
60100.1656366,0.891313981937732,0.00903721062117204,zr
60100.1680671,0.8661632619231202,0.008786245760385662,zr
60100.1704977,0.8730928653331588,0.008855369671668417,zr
60100.1729167,0.8768702974372888,0.00889305728258013,zr
60100.1753356,0.9034866906360883,0.00915875824722257,zr
60101.166088,0.9147796173237728,0.009271566987767974,zr
60101.1685069,0.9177574514334489,0.00930132161773688,zr
60101.1709259,0.9146936819577185,0.009270708559659852,zr
60101.1733565,0.9061363639015035,0.009185221891803546,zr
60101.1757755,0.9192104634167931,0.00931584108017727,zr
60103.1669329,1.1071538110176882,0.01119971858089679,zr
60103.1693634,1.1129307942726252,0.011257796425722534,zr
60103.1717824,1.1251277580431132,0.011380449331187686,zr
60103.174213,1.0828307974384608,0.010955296995055519,zr
60103.1766319,1.0856631055457828,0.010983750148770538,zr
60181.5022917,0.9294573782599738,0.00941825525113952,zr
60181.5046991,0.9006002004785962,0.009129931684989394,zr
60181.5071065,0.9338477555137615,0.00946214727730012,zr
60181.5095023,0.9076610920452669,0.009200452538126269,zr
60181.5119097,0.8965496788108518,0.009089484270444667,zr
60191.4953125,1.0591871890520532,0.010717869748481717,zr
60191.4978472,1.0753873396654754,0.010880531866012557,zr
60191.5003819,1.061118482956822,0.010737256838353484,zr
60191.5029282,1.0559090673866822,0.010684964854133177,zr
60191.505463,1.0451343441080423,0.010576832342813057,zr
60192.4958912,1.177846238401973,0.011911065800293347,zr
60192.4984259,1.1550249331481048,0.011681272314561843,zr
60192.5009722,1.142119638777256,0.011551389216750764,zr
60192.5035069,1.1584602040551393,0.011715853704231505,zr
60192.5060532,1.1300234066564272,0.011429691642934666,zr
60193.4714236,1.0067956241571374,0.010192367951608708,zr
60193.4984491,1.0818421031202294,0.010945364648780227,zr
60193.5009259,1.0801661399669955,0.010928530628816702,zr
60193.5034028,1.1007297874207496,0.011135146313192765,zr
60193.5209954,1.1247433634846975,0.011376582491189838,zr
60213.5020139,0.882630314125067,0.008950535537922917,zr
60220.5068403,0.984946404814893,0.009973470491695858,zr
60232.4970023,0.8896049674684007,0.00902014969206918,zr
60236.4936458,1.082136683020224,0.010948324581821132,zr
60238.4900694,0.8825613801358803,0.008949847875568809,zr
60241.4295949,1.1244411206260576,0.01137354275640911,zr
60244.4675,1.0584924370004667,0.010710895931919531,zr
60248.492419,0.8897386145441853,0.009021484155728177,zr
60253.4865625,1.1075740179936582,0.011203943695174216,zr
60257.5095718,0.8824621344029128,0.008948857297041792,zr
60259.4576968,1.111100336965024,0.011239392992725108,zr
60261.4421644,1.0023123448058948,0.010147438578128902,zr
60288.4322569,0.8864031266695535,0.00898819096274215,zr
60295.3151157,0.9071493616606283,0.00919534169615506,zr
60315.2691898,1.0626005571922026,0.010752136027984038,zr
60322.2590394,1.1591422057654246,0.011722719176261982,zr
60324.2569329,0.979974013227753,0.009923675364903451,zr
60326.3949769,1.1296780212420006,0.011426217573574529,zr
60338.2941898,0.9281528857812384,0.00940521506341705,zr
60340.3508565,0.9486180834034506,0.009609857785757526,zr
60352.2504861,0.9001115185200759,0.009125050159335873,zr
60354.2585417,0.9397962749857177,0.009521626149044986,zr
60357.3006481,1.1064072152851865,0.011192212654792264,zr
60368.2731481,0.933226192144601,0.009455932618552052,zr
60374.2680787,1.1450446957951534,0.011580824940572556,zr
60391.2360532,1.0839736353008371,0.01096677663460939,zr
60397.2602431,0.9505189931452894,0.009628873351607767,zr
60419.2202662,0.8817554634924961,0.008941804554570712,zr
60421.2175463,0.9171458374219297,0.009295210269632826,zr
60429.1990856,0.9322946656425303,0.009446619446378878,zr
60433.1835532,1.0130789213788887,0.010255346507685933,zr
60549.4989468,0.854917563396012,0.008674106801152225,zr
60549.5019444,0.8606694730243055,0.008731456530583064,zr
60549.5064699,0.8843065448806015,0.008967264513190316,zr
60550.4983912,0.8784360679776386,0.00890868007894481,zr
60550.5018287,0.8789825216135445,0.008914133788887394,zr
60550.5052778,0.8734879523161823,0.008859310882840485,zr
60571.4465278,0.9544963660774832,0.009668664403247004,zr
60593.455162,0.948146659540913,0.009605142253485485,zr
60595.5080671,0.9889046050958462,0.010013114831671941,zr
60597.5175926,1.1826034981281288,0.011958986303585602,zr
60599.4272454,0.8909413573956384,0.009033490604040453,zr
60602.5058681,0.8785394731477514,0.008909712257952628,zr
60608.4278009,0.8955406816743406,0.009079409167733104,zr
58561.1245139,1.2027638591768601,0.01463181473518202,zi
59182.3497338,1.1134731008967487,0.013527021419663025,zi
59184.4169213,1.1588434486264783,0.014087593442592165,zi
59188.4659838,0.9200452974135898,0.011157224287617838,zi
59199.4701852,0.9612994412499748,0.011659745482668904,zi
59202.4575579,1.2118488355550394,0.014744574042602017,zi
59205.3435069,1.1665478830213438,0.01418295032108704,zi
59220.387338,0.90636049907019,0.010990901882236963,zi
59223.4241898,0.9555731314666259,0.011589892662070205,zi
59226.3621759,1.0415743824736887,0.012642207316349678,zi
59229.3627199,0.9215415683208416,0.011175420647169518,zi
59232.2341898,0.9475834127454699,0.011492482683778824,zi
59248.310625,1.2660525429428025,0.01541862431124772,zi
59251.2380671,0.9257692895533467,0.011226847783879374,zi
59254.3255903,0.944274039266839,0.011452154773051275,zi
59263.3010648,1.0734956523368913,0.013034495543032225,zi
59266.200463,0.9146298476910057,0.011091382608303694,zi
59271.3229167,0.9447610276358325,0.01145808855156956,zi
59274.2770833,1.1223358871420215,0.013636393962744582,zi
59291.185787,0.9202433544804923,0.011159632362199811,zi
59303.1807407,1.2115593397848246,0.014740980998093088,zi
59307.1785069,0.9350210966902622,0.011339452312063649,zi
59312.1670139,1.2482261879066785,0.015196703524537648,zi
59315.1807986,1.00868241573776,0.01223893473236798,zi
59355.1826968,1.2407667017724013,0.015103909490969826,zi
59463.4907407,0.9625972350472332,0.011675580685446602,zi
59466.496412,0.9505428291161833,0.011528556131946862,zi
59472.4790741,0.9333184473340247,0.011318722571141538,zi
59477.4545602,1.209011104786363,0.014709347267818678,zi
59480.4959722,1.0321972314644194,0.012527138443773145,zi
59485.4857523,1.1785722463505526,0.014331867670238646,zi
59498.4794097,0.9395012664800787,0.011394011081349468,zi
59518.4762269,1.0224885417065923,0.01240808478315758,zi
59521.4979167,1.2538203948920577,0.015266319968278166,zi
59524.4861227,0.9449702365541979,0.011460638028164506,zi
59527.5134144,0.9536873232594012,0.011566895816899105,zi
59530.5063889,1.2756872351290143,0.01553866211920834,zi
59540.4785069,0.984509179622756,0.011943187856518203,zi
59550.3328588,1.2661448996480875,0.015419772983964545,zi
59627.396088,0.9760049266258746,0.011839272487972468,zi
59630.3414468,1.020210737041982,0.012380167609467805,zi
59637.2391435,0.925687181552678,0.011225848816447743,zi
59640.2818981,0.9578941696604072,0.011618202458623406,zi
59675.1787963,1.1141196905982311,0.013534998826994969,zi
59680.2575463,0.893868781783281,0.010839245810015878,zi
59685.2847685,1.1879585562451367,0.01444819440038715,zi
59828.4854167,0.9913175842622398,0.01202643097914539,zi
59844.4193519,1.1169760210137079,0.013570241622933342,zi
59847.4695949,1.2441607313988918,0.015146124825354981,zi
59854.4888079,1.014085399412557,0.012305110798424312,zi
59857.4207986,0.941244929969087,0.011415250596065287,zi
59860.3931944,1.0642432145922813,0.012920699017745932,zi
59863.4377431,1.2719221483403493,0.015491744933335801,zi
59866.4231134,0.8934864483545456,0.010834607248115573,zi
59872.4990741,1.046497149878432,0.012702644619967033,zi
59876.475463,0.9204931688680592,0.0111626713135918,zi
59879.4994329,0.885097287672131,0.010732851920648179,zi
59887.3372338,1.0689331110159672,0.012978370508392689,zi
59895.3444444,1.2328243674981438,0.015005155537316465,zi
59900.4337616,0.9569270911523035,0.011606405612290736,zi
59903.4150347,0.9912861762788563,0.012026046566772591,zi
59906.412581,1.2579196169157392,0.0153173482128471,zi
59913.3929398,1.2130329834471352,0.01475927709026803,zi
59933.3725347,0.9565590168751625,0.011601916633453706,zi
59936.4103819,0.9154408535839823,0.011101240989264788,zi
59966.2806481,0.8943116533639398,0.010844620037756873,zi
59969.2367593,1.2309913745577288,0.01498237034165438,zi
60044.2625231,0.9781857456265819,0.011865913691639451,zi
60051.1628819,1.2785342596265492,0.015574146811103702,zi
60055.1665856,0.9557511073682695,0.01159206352038395,zi
58430.3715394,1.0112877417122133,0.009494596553510294,zg
58438.4229861,0.9732789777832221,0.009122575639471664,zg
58439.4402894,0.9802765710825545,0.009190995523710213,zg
58443.2869329,0.9653658755246783,0.009045244287986453,zg
58561.2236574,0.9810966278402341,0.00919901503710779,zg
58562.2233218,0.9782611869328821,0.009171285467371594,zg
58758.4934722,1.0004128534837173,0.009388059010919098,zg
58758.4939236,1.0044367241731083,0.009427470541609641,zg
58760.4980903,0.9901964910380664,0.009288044362167899,zg
58760.4985301,0.9865918941845492,0.009252771710539868,zg
58767.4335648,0.9915263564728075,0.009301059407506314,zg
58767.4344676,0.9696072696983503,0.009086687706686037,zg
58768.4484722,0.9995871465162826,0.009379973464928764,zg
58768.4489236,1.0109333945277452,0.009491124097688715,zg
58778.5362384,0.9901121341993977,0.009287218259301967,zg
58778.5366898,0.9792825661874833,0.009181274263221023,zg
58787.4581481,1.1265501843807995,0.010628296992507434,zg
58787.4585995,1.1326561905871784,0.010688575123025644,zg
58788.4527662,1.1873658199917279,0.011229608964766742,zg
58788.4532176,1.1952378647206423,0.011307594533835397,zg
58879.208588,0.9890403797513703,0.009276729171998125,zg
58879.2192477,0.9810974411016214,0.009199023475718047,zg
58881.193588,1.0720028574666847,0.010090773071603828,zg
58881.1940394,1.0708114909611954,0.010079053568168487,zg
58891.2473958,1.058314296615146,0.009956162564164971,zg
58891.2478472,1.0350305842080951,0.009727459899626409,zg
58895.2003819,0.9930176848188687,0.009315655356183707,zg
58895.2008333,0.991255620888024,0.009298409197779984,zg
58900.2971296,0.9967893357282183,0.009352578616078303,zg
58900.297581,0.9896017690602249,0.009282223057127717,zg
58904.1628356,1.0047446514364906,0.00943048645641182,zg
58904.163287,1.0057839546067135,0.009440668452689678,zg
58906.1440856,1.1625348556910873,0.010983843824717796,zg
58906.144537,1.1492509276824652,0.01085250577240989,zg
59092.517581,1.111312560607165,0.010477964922695157,zg
59142.4473032,1.0995550638912264,0.010362060994498379,zg
59142.4477662,1.104245461561089,0.010408288740286903,zg
59881.453287,1.1771651138617514,0.011128606214031965,zg
59908.3801505,0.9878222929317027,0.009264810155802009,zg
59985.3529282,0.9645488398192988,0.009037261226046818,zg
58429.3754051,0.8845690895992484,0.009042097508915952,zr
58432.365706,1.1578091017243848,0.011858463161374245,zr
58435.3948148,1.0338245458469932,0.010574792616505015,zr
58439.336169,1.1200997990114863,0.011467107839066987,zr
58441.359537,1.156244072411327,0.011842205774496661,zr
58443.3668403,0.9781972539320933,0.010001851419225561,zr
58481.428831,0.9035724053271565,0.00923640826789919,zr
58507.2562037,1.1229467415854715,0.011496626384316448,zr
58508.2853704,1.1256289114664553,0.011524439620611643,zr
58540.2471644,1.1559607265621101,0.011839263086840841,zr
58547.1185185,0.956880444910414,0.009782819794330714,zr
58740.5156944,1.02489968417637,0.010482739762151064,zr
58740.5161458,1.0399211219630755,0.010637701951474066,zr
58770.4040741,1.1016273746855056,0.011275688401598845,zr
58770.4045255,1.1262746762109033,0.011531138032828455,zr
58771.4167361,1.092937680992815,0.011185709161979298,zr
58771.4251968,1.0590077035298813,0.010834799002431792,zr
58772.4988773,1.1586250643922094,0.011866939578292348,zr
58772.4993171,1.1605827714921637,0.011887278681768788,zr
58783.4626042,0.9068824537513664,0.00927028050157496,zr
58783.4630556,0.9137854514766486,0.00934094264198952,zr
58784.541875,1.0091214537611788,0.010320119420861982,zr
58784.5448611,1.038574653278869,0.010623806414302266,zr
58788.5458912,0.9209699061351504,0.009414521428657025,zr
58788.5463426,0.9284447810111484,0.009491112497908185,zr
58798.4358796,0.9876571209123303,0.010099146653577192,zr
58798.436331,1.0146765867075775,0.010377357289340906,zr
58799.3653819,0.9000735495936696,0.009200613265129897,zr
58799.3658333,0.9023866034843918,0.00922427607718007,zr
58800.4355671,0.9065981725431733,0.009267370614385399,zr
58800.4360185,0.9243964719939074,0.009449626798242695,zr
58801.4225579,0.9241715593174572,0.009447322099576362,zr
58801.4230093,0.9117169716883675,0.009319764537139714,zr
58827.2913889,1.0816377580333396,0.011068768196412922,zr
58827.2918403,1.0687664181041974,0.010935656137258552,zr
58828.2981019,0.9813987925185363,0.010034773372825297,zr
58828.2985532,0.9676085100648801,0.009893014458023803,zr
58833.3962269,0.9024000678710199,0.009224413711337079,zr
58833.4098032,0.8948628509695115,0.009147320713228461,zr
58862.3010995,1.0477475146046358,0.010718494058769713,zr
58862.3015509,1.051800951369238,0.010760352426470996,zr
58871.2598495,0.9269087871238516,0.009475370107135036,zr
58871.2602894,0.9212149966152013,0.009417032356281132,zr
59883.4269213,0.9251990098230628,0.009457849815122796,zr
60539.5078704,0.9486422854665231,0.009698253067505188,zr
60539.5083449,0.9508295696583842,0.009720702426360368,zr
60540.5017824,0.878774081330744,0.008982894716949684,zr
60540.503669,0.8897206681230757,0.009094748036511256,zr
60540.5041435,0.8706338718632495,0.008899773010861069,zr
60543.5058102,0.991204715141457,0.010135648204629902,zr
60543.5067477,0.9789786019482553,0.010009885073182689,zr
60544.4968981,1.0851768472213676,0.011105386096696129,zr
60544.5008449,1.107731636723501,0.011338922851833648,zr
60544.504375,1.0939356087504517,0.011196040775333422,zr
60545.5007176,1.1685060338222246,0.011969619525073059,zr
60545.5040856,1.1576972436992121,0.011857300540034883,zr
60547.4988773,0.9584374153454911,0.009798808438372258,zr
60547.5017708,0.9780752725066892,0.010000597519803416,zr
60547.5047106,0.993274667378283,0.010156950165231719,zr
60548.4983449,0.9155811425596865,0.009359330098204494,zr
60548.5007755,0.9037533482743467,0.009238259466492971,zr
60548.5041319,0.9112669915826171,0.009315158450111685,zr
60551.4986111,0.9507761506287898,0.009720153850784003,zr
60551.5031481,0.9337919363306899,0.009545924882352064,zr
60551.5070833,0.9217491786818773,0.00942250401797117,zr
60552.4994097,1.0315070469808139,0.010550884719614503,zr
60552.5033565,1.0244630978285707,0.010478237341196543,zr
60552.5072917,1.0185493578384535,0.010417270093796331,zr
